timeStamp	dateFrac	isHoliday	isSunday	cnt	predSimple	predTrig	predHourDay	predHourWeek
2016-05-08 18:00:00	736092.75	0	1	14722	192403	126540	-22289	65489
2016-05-08 19:00:00	736092.791667	0	1	69991	192424	66256	-54979	61128
2016-05-08 20:00:00	736092.833333	0	1	50998	192446	10508	-90206	40313
2016-05-08 21:00:00	736092.875	0	1	38152	192467	-36902	-108893	25947
2016-05-08 22:00:00	736092.916667	0	1	23062	192489	-72744	-125759	11668
2016-05-08 23:00:00	736092.958333	0	1	11660	192511	-94572	-138077	-439
2016-05-09 00:00:00	736093.0	0	0	9854	192532	-59504	51291	-2482
2016-05-09 01:00:00	736093.041667	0	0	5768	192554	-49895	45417	-7776
2016-05-09 02:00:00	736093.083333	0	0	5888	192575	-25004	44943	-8667
2016-05-09 03:00:00	736093.125	0	0	19727	192597	13473	51155	-200
2016-05-09 04:00:00	736093.166667	0	0	39987	192618	62917	65376	15590
2016-05-09 05:00:00	736093.208333	0	0	59583	192640	119960	97394	51871
2016-05-09 06:00:00	736093.25	0	0	224209	192662	180715	227135	210072
2016-05-09 07:00:00	736093.291667	0	0	431120	192683	241043	363330	388907
2016-05-09 08:00:00	736093.333333	0	0	541605	192705	296835	443872	506272
2016-05-09 09:00:00	736093.375	0	0	597749	192726	344291	492286	571941
2016-05-09 10:00:00	736093.416667	0	0	530761	192748	380177	448319	507891
2016-05-09 11:00:00	736093.458333	0	0	520870	192770	402049	438719	490358
2016-05-09 12:00:00	736093.5	0	0	482656	192791	408419	441087	495072
2016-05-09 13:00:00	736093.541667	0	0	494768	192813	398854	427998	485197
2016-05-09 14:00:00	736093.583333	0	0	519625	192834	374007	442007	494685
2016-05-09 15:00:00	736093.625	0	0	536172	192856	335573	435361	490904
2016-05-09 16:00:00	736093.666667	0	0	464191	192878	286173	387447	415317
2016-05-09 17:00:00	736093.708333	0	0	402967	192899	229174	324533	341972
2016-05-09 18:00:00	736093.75	0	0	179253	192921	168463	174225	156659
2016-05-09 19:00:00	736093.791667	0	0	103475	192942	108179	141535	105340
2016-05-09 20:00:00	736093.833333	0	0	58091	192964	52431	106308	59953
2016-05-09 21:00:00	736093.875	0	0	42534	192985	5020	87621	37957
2016-05-09 22:00:00	736093.916667	0	0	22842	193007	-30821	70755	16248
2016-05-09 23:00:00	736093.958333	0	0	12093	193029	-52649	58437	3470
2016-05-10 00:00:00	736094.0	0	0	9385	193050	-4037	26163	-760
2016-05-10 01:00:00	736094.041667	0	0	5410	193072	5572	20289	-7977
2016-05-10 02:00:00	736094.083333	0	0	5403	193093	30463	19815	-8819
2016-05-10 03:00:00	736094.125	0	0	19210	193115	68941	26028	-1754
2016-05-10 04:00:00	736094.166667	0	0	38528	193137	118385	40248	14533
2016-05-10 05:00:00	736094.208333	0	0	60800	193158	175428	72267	50756
2016-05-10 06:00:00	736094.25	0	0	218039	193180	236183	202008	202331
2016-05-10 07:00:00	736094.291667	0	0	383920	193201	296511	338202	356582
2016-05-10 08:00:00	736094.333333	0	0	484291	193223	352303	418745	444552
2016-05-10 09:00:00	736094.375	0	0	535806	193245	399758	467158	508416
2016-05-10 10:00:00	736094.416667	0	0	502194	193266	435644	423192	462875
2016-05-10 11:00:00	736094.458333	0	0	484216	193288	457517	413591	443955
2016-05-10 12:00:00	736094.5	0	0	463998	193309	463887	415960	438566
2016-05-10 13:00:00	736094.541667	0	0	464599	193331	454321	402871	419297
2016-05-10 14:00:00	736094.583333	0	0	488512	193353	429474	416879	439651
2016-05-10 15:00:00	736094.625	0	0	494288	193374	391040	410234	431475
2016-05-10 16:00:00	736094.666667	0	0	465057	193396	341640	362319	379864
2016-05-10 17:00:00	736094.708333	0	0	398313	193417	284642	299406	308679
2016-05-10 18:00:00	736094.75	0	0	164965	193439	223931	149098	123163
2016-05-10 19:00:00	736094.791667	0	0	115601	193460	163647	116408	97601
2016-05-10 20:00:00	736094.833333	0	0	64088	193482	107899	81181	56240
2016-05-10 21:00:00	736094.875	0	0	39866	193504	60488	62494	34026
2016-05-10 22:00:00	736094.916667	0	0	21849	193525	24646	45628	13714
2016-05-10 23:00:00	736094.958333	0	0	12177	193547	2818	33309	1634
2016-05-11 00:00:00	736095.0	0	0	10405	193568	23605	39967	-485
2016-05-11 01:00:00	736095.041667	0	0	5475	193590	33214	34093	-5763
2016-05-11 02:00:00	736095.083333	0	0	5553	193612	58105	33619	-5872
2016-05-11 03:00:00	736095.125	0	0	21751	193633	96583	39831	685
2016-05-11 04:00:00	736095.166667	0	0	39223	193655	146028	54052	15599
2016-05-11 05:00:00	736095.208333	0	0	59349	193676	203070	86070	54576
2016-05-11 06:00:00	736095.25	0	0	227502	193698	263825	215811	211316
2016-05-11 07:00:00	736095.291667	0	0	360814	193720	324154	352006	364856
2016-05-11 08:00:00	736095.333333	0	0	440050	193741	379946	432548	461091
2016-05-11 09:00:00	736095.375	0	0	500979	193763	427401	480962	518532
2016-05-11 10:00:00	736095.416667	0	0	445274	193784	463287	436995	463708
2016-05-11 11:00:00	736095.458333	0	0	455595	193806	485159	427395	474510
2016-05-11 12:00:00	736095.5	0	0	447864	193828	491529	429763	472473
2016-05-11 13:00:00	736095.541667	0	0	442322	193849	481964	416674	456454
2016-05-11 14:00:00	736095.583333	0	0	502951	193871	457117	430683	482311
2016-05-11 15:00:00	736095.625	0	0	510945	193892	418683	424037	475407
2016-05-11 16:00:00	736095.666667	0	0	457227	193914	369283	376123	424699
2016-05-11 17:00:00	736095.708333	0	0	364564	193935	312284	313209	343173
2016-05-11 18:00:00	736095.75	0	0	148990	193957	251574	162901	144537
2016-05-11 19:00:00	736095.791667	0	0	105897	193979	191289	130211	100565
2016-05-11 20:00:00	736095.833333	0	0	68927	194000	135541	94984	57227
2016-05-11 21:00:00	736095.875	0	0	41347	194022	88130	76297	34843
2016-05-11 22:00:00	736095.916667	0	0	24349	194043	52289	59431	14772
2016-05-11 23:00:00	736095.958333	0	0	12077	194065	30460	47113	1276
2016-05-12 00:00:00	736096.0	0	0	10200	194087	3006	34608	-462
2016-05-12 01:00:00	736096.041667	0	0	6007	194108	12615	28734	-5586
2016-05-12 02:00:00	736096.083333	0	0	6219	194130	37506	28260	-5352
2016-05-12 03:00:00	736096.125	0	0	16209	194151	75984	34472	16
2016-05-12 04:00:00	736096.166667	0	0	40680	194173	125429	48693	15608
2016-05-12 05:00:00	736096.208333	0	0	81988	194195	182471	80711	54863
2016-05-12 06:00:00	736096.25	0	0	225738	194216	243226	210452	210672
2016-05-12 07:00:00	736096.291667	0	0	403388	194238	303555	346647	372070
2016-05-12 08:00:00	736096.333333	0	0	496605	194259	359347	427189	459791
2016-05-12 09:00:00	736096.375	0	0	528109	194281	406802	475603	513693
2016-05-12 10:00:00	736096.416667	0	0	477113	194303	442688	431636	464961
2016-05-12 11:00:00	736096.458333	0	0	488428	194324	464560	422036	456962
2016-05-12 12:00:00	736096.5	0	0	447246	194346	470930	424404	449281
2016-05-12 13:00:00	736096.541667	0	0	476763	194367	461365	411315	434169
2016-05-12 14:00:00	736096.583333	0	0	489953	194389	436518	425324	462014
2016-05-12 15:00:00	736096.625	0	0	488931	194410	398084	418678	455490
2016-05-12 16:00:00	736096.666667	0	0	426072	194432	348684	370764	406570
2016-05-12 17:00:00	736096.708333	0	0	358801	194454	291685	307850	326683
2016-05-12 18:00:00	736096.75	0	0	154289	194475	230975	157542	139054
2016-05-12 19:00:00	736096.791667	0	0	107345	194497	170690	124852	98977
2016-05-12 20:00:00	736096.833333	0	0	60787	194518	114942	89625	58053
2016-05-12 21:00:00	736096.875	0	0	39170	194540	67531	70938	37120
2016-05-12 22:00:00	736096.916667	0	0	22674	194562	31690	54072	20660
2016-05-12 23:00:00	736096.958333	0	0	11529	194583	9861	41754	6566
2016-05-13 00:00:00	736097.0	0	0	9925	194605	-49923	21739	-399
2016-05-13 01:00:00	736097.041667	0	0	5669	194626	-40314	15865	-5823
2016-05-13 02:00:00	736097.083333	0	0	5979	194648	-15423	15391	-5813
2016-05-13 03:00:00	736097.125	0	0	14957	194670	23054	21603	-35
2016-05-13 04:00:00	736097.166667	0	0	41059	194691	72499	35824	16725
2016-05-13 05:00:00	736097.208333	0	0	74528	194713	129541	67842	58910
2016-05-13 06:00:00	736097.25	0	0	240087	194734	190296	197583	209663
2016-05-13 07:00:00	736097.291667	0	0	402056	194756	250625	333778	358798
2016-05-13 08:00:00	736097.333333	0	0	486229	194777	306417	414320	436777
2016-05-13 09:00:00	736097.375	0	0	521365	194799	353872	462734	476241
2016-05-13 10:00:00	736097.416667	0	0	460995	194821	389758	418767	424425
2016-05-13 11:00:00	736097.458333	0	0	437487	194842	411630	409167	425846
2016-05-13 12:00:00	736097.5	0	0	435618	194864	418000	411535	457945
2016-05-13 13:00:00	736097.541667	0	0	438146	194885	408435	398446	431986
2016-05-13 14:00:00	736097.583333	0	0	459157	194907	383588	412455	448727
2016-05-13 15:00:00	736097.625	0	0	438733	194929	345154	405809	430107
2016-05-13 16:00:00	736097.666667	0	0	384738	194950	295754	357895	364920
2016-05-13 17:00:00	736097.708333	0	0	325451	194972	238755	294981	297231
2016-05-13 18:00:00	736097.75	0	0	139533	194993	178045	144674	123370
2016-05-13 19:00:00	736097.791667	0	0	95500	195015	117760	111983	78184
2016-05-13 20:00:00	736097.833333	0	0	53638	195037	62012	76756	44810
2016-05-13 21:00:00	736097.875	0	0	41488	195058	14601	58069	30550
2016-05-13 22:00:00	736097.916667	0	0	25439	195080	-21239	41203	15884
2016-05-13 23:00:00	736097.958333	0	0	15439	195101	-43068	28885	3991
2016-05-14 00:00:00	736098.0	0	0	11971	195123	-94928	-35647	653
2016-05-14 01:00:00	736098.041667	0	0	5598	195145	-85318	-41521	-5513
2016-05-14 02:00:00	736098.083333	0	0	5569	195166	-60427	-41995	-6174
2016-05-14 03:00:00	736098.125	0	0	17453	195188	-21949	-35783	-303
2016-05-14 04:00:00	736098.166667	0	0	36108	195209	27494	-21562	10569
2016-05-14 05:00:00	736098.208333	0	0	46619	195231	84537	10455	30092
2016-05-14 06:00:00	736098.25	0	0	166683	195252	145292	140196	139611
2016-05-14 07:00:00	736098.291667	0	0	275273	195274	205620	276391	249688
2016-05-14 08:00:00	736098.333333	0	0	349560	195296	261412	356933	333939
2016-05-14 09:00:00	736098.375	0	0	392643	195317	308867	405347	383841
2016-05-14 10:00:00	736098.416667	0	0	358593	195339	344753	361380	351547
2016-05-14 11:00:00	736098.458333	0	0	322099	195360	366626	351780	330465
2016-05-14 12:00:00	736098.5	0	0	322465	195382	372995	354148	325576
2016-05-14 13:00:00	736098.541667	0	0	311693	195404	363430	341059	316434
2016-05-14 14:00:00	736098.583333	0	0	303628	195425	338583	355067	311992
2016-05-14 15:00:00	736098.625	0	0	285884	195447	300149	348422	299092
2016-05-14 16:00:00	736098.666667	0	0	237836	195468	250749	300508	254544
2016-05-14 17:00:00	736098.708333	0	0	199354	195490	193751	237594	196683
2016-05-14 18:00:00	736098.75	0	0	85971	195512	133040	87286	83411
2016-05-14 19:00:00	736098.791667	0	0	61843	195533	72756	54596	60440
2016-05-14 20:00:00	736098.833333	0	0	42533	195555	17008	19369	38442
2016-05-14 21:00:00	736098.875	0	0	32970	195576	-30402	682	23642
2016-05-14 22:00:00	736098.916667	0	0	21067	195598	-66244	-16183	13398
2016-05-14 23:00:00	736098.958333	0	0	14541	195620	-88072	-28501	3656
2016-05-15 00:00:00	736099.0	0	1	11030	195641	-97719	-141301	1332
2016-05-15 01:00:00	736099.041667	0	1	6102	195663	-88109	-147175	-5171
2016-05-15 02:00:00	736099.083333	0	1	5176	195684	-63218	-147649	-6119
2016-05-15 03:00:00	736099.125	0	1	18766	195706	-24740	-141436	-2183
2016-05-15 04:00:00	736099.166667	0	1	32384	195727	24703	-127215	6621
2016-05-15 05:00:00	736099.208333	0	1	21796	195749	81746	-95197	17097
2016-05-15 06:00:00	736099.25	0	1	37469	195771	142501	34543	35500
2016-05-15 07:00:00	736099.291667	0	1	66273	195792	202829	170738	72957
2016-05-15 08:00:00	736099.333333	0	1	71020	195814	258621	251280	78912
2016-05-15 09:00:00	736099.375	0	1	76962	195835	306077	299694	82892
2016-05-15 10:00:00	736099.416667	0	1	68686	195857	341962	255727	75477
2016-05-15 11:00:00	736099.458333	0	1	63209	195879	363835	246126	64049
2016-05-15 12:00:00	736099.5	0	1	63372	195900	370205	248495	64585
2016-05-15 13:00:00	736099.541667	0	1	62476	195922	360639	235406	68760
2016-05-15 14:00:00	736099.583333	0	1	64726	195943	335793	249414	70716
2016-05-15 15:00:00	736099.625	0	1	68675	195965	297359	242769	80913
2016-05-15 16:00:00	736099.666667	0	1	75967	195987	247958	194855	86556
2016-05-15 17:00:00	736099.708333	0	1	73698	196008	190960	131941	80324
2016-05-15 18:00:00	736099.75	0	1	70712	196030	130249	-18366	69888
2016-05-15 19:00:00	736099.791667	0	1	64545	196051	69965	-51056	65527
2016-05-15 20:00:00	736099.833333	0	1	44764	196073	14217	-86283	44712
2016-05-15 21:00:00	736099.875	0	1	33085	196094	-33193	-104970	30346
2016-05-15 22:00:00	736099.916667	0	1	24798	196116	-69035	-121836	16067
2016-05-15 23:00:00	736099.958333	0	1	14132	196138	-90863	-134155	3959
2016-05-16 00:00:00	736100.0	1	0	11363	196159	-55795	55213	1916
2016-05-16 01:00:00	736100.041667	1	0	6114	196181	-46186	49340	-3377
2016-05-16 02:00:00	736100.083333	1	0	4936	196202	-21295	48865	-4268
2016-05-16 03:00:00	736100.125	1	0	18648	196224	17183	55078	4198
2016-05-16 04:00:00	736100.166667	1	0	35964	196246	66627	69299	19989
2016-05-16 05:00:00	736100.208333	1	0	56462	196267	123669	101317	56270
2016-05-16 06:00:00	736100.25	1	0	100668	196289	184424	231058	214471
2016-05-16 07:00:00	736100.291667	1	0	143771	196310	244753	367253	393306
2016-05-16 08:00:00	736100.333333	1	0	161778	196332	300545	447795	510671
2016-05-16 09:00:00	736100.375	1	0	137957	196354	348000	496209	576340
2016-05-16 10:00:00	736100.416667	1	0	127128	196375	383886	452242	512290
2016-05-16 11:00:00	736100.458333	1	0	131828	196397	405758	442641	494757
2016-05-16 12:00:00	736100.5	1	0	120885	196418	412128	445010	499471
2016-05-16 13:00:00	736100.541667	1	0	118058	196440	402563	431921	489596
2016-05-16 14:00:00	736100.583333	1	0	129952	196462	377716	445929	499084
2016-05-16 15:00:00	736100.625	1	0	131358	196483	339282	439284	495303
2016-05-16 16:00:00	736100.666667	1	0	140628	196505	289882	391370	419716
2016-05-16 17:00:00	736100.708333	1	0	121770	196526	232884	328456	346371
2016-05-16 18:00:00	736100.75	1	0	107686	196548	172173	178148	161058
2016-05-16 19:00:00	736100.791667	1	0	81354	196569	111889	145458	109739
2016-05-16 20:00:00	736100.833333	1	0	55544	196591	56141	110231	64352
2016-05-16 21:00:00	736100.875	1	0	39536	196613	8730	91544	42356
2016-05-16 22:00:00	736100.916667	1	0	21523	196634	-27111	74678	20647
2016-05-16 23:00:00	736100.958333	1	0	11442	196656	-48939	62360	7869
2016-05-17 00:00:00	736101.0	0	0	9973	196677	-327	30086	3638
2016-05-17 01:00:00	736101.041667	0	0	5283	196699	9281	24212	-3578
2016-05-17 02:00:00	736101.083333	0	0	5571	196721	34172	23738	-4420
2016-05-17 03:00:00	736101.125	0	0	16880	196742	72650	29951	2644
2016-05-17 04:00:00	736101.166667	0	0	38859	196764	122095	44171	18932
2016-05-17 05:00:00	736101.208333	0	0	76541	196785	179137	76190	55155
2016-05-17 06:00:00	736101.25	0	0	266271	196807	239892	205930	206730
2016-05-17 07:00:00	736101.291667	0	0	416491	196829	300220	342125	360981
2016-05-17 08:00:00	736101.333333	0	0	478117	196850	356013	422668	448951
2016-05-17 09:00:00	736101.375	0	0	568406	196872	403468	471081	512815
2016-05-17 10:00:00	736101.416667	0	0	529250	196893	439354	427114	467274
2016-05-17 11:00:00	736101.458333	0	0	502834	196915	461226	417514	448354
2016-05-17 12:00:00	736101.5	0	0	500900	196937	467596	419883	442965
2016-05-17 13:00:00	736101.541667	0	0	472565	196958	458031	406793	423696
2016-05-17 14:00:00	736101.583333	0	0	507839	196980	433184	420802	444050
2016-05-17 15:00:00	736101.625	0	0	496299	197001	394750	414157	435874
2016-05-17 16:00:00	736101.666667	0	0	419635	197023	345350	366242	384263
2016-05-17 17:00:00	736101.708333	0	0	361427	197044	288351	303329	313078
2016-05-17 18:00:00	736101.75	0	0	147837	197066	227641	153021	127562
2016-05-17 19:00:00	736101.791667	0	0	103633	197088	167356	120330	102000
2016-05-17 20:00:00	736101.833333	0	0	66872	197109	111608	85103	60639
2016-05-17 21:00:00	736101.875	0	0	43079	197131	64197	66416	38425
2016-05-17 22:00:00	736101.916667	0	0	23096	197152	28356	49550	18113
2016-05-17 23:00:00	736101.958333	0	0	12163	197174	6527	37232	6033
2016-05-18 00:00:00	736102.0	0	0	9710	197196	27314	43889	3913
2016-05-18 01:00:00	736102.041667	0	0	5606	197217	36924	38016	-1364
2016-05-18 02:00:00	736102.083333	0	0	5533	197239	61815	37541	-1473
2016-05-18 03:00:00	736102.125	0	0	18182	197260	100293	43754	5084
2016-05-18 04:00:00	736102.166667	0	0	35556	197282	149737	57975	19998
2016-05-18 05:00:00	736102.208333	0	0	80281	197304	206780	89993	58975
2016-05-18 06:00:00	736102.25	0	0	231032	197325	267535	219734	215715
2016-05-18 07:00:00	736102.291667	0	0	380605	197347	327863	355929	369255
2016-05-18 08:00:00	736102.333333	0	0	442976	197368	383655	436471	465490
2016-05-18 09:00:00	736102.375	0	0	536224	197390	431110	484885	522931
2016-05-18 10:00:00	736102.416667	0	0	467657	197412	466996	440918	468107
2016-05-18 11:00:00	736102.458333	0	0	474300	197433	488869	431317	478909
2016-05-18 12:00:00	736102.5	0	0	450419	197455	495238	433686	476872
2016-05-18 13:00:00	736102.541667	0	0	443832	197476	485673	420597	460853
2016-05-18 14:00:00	736102.583333	0	0	479555	197498	460826	434605	486710
2016-05-18 15:00:00	736102.625	0	0	465798	197519	422392	427960	479806
2016-05-18 16:00:00	736102.666667	0	0	402798	197541	372992	380046	429098
2016-05-18 17:00:00	736102.708333	0	0	357205	197563	315994	317132	347572
2016-05-18 18:00:00	736102.75	0	0	173210	197584	255283	166824	148936
2016-05-18 19:00:00	736102.791667	0	0	127255	197606	194999	134134	104964
2016-05-18 20:00:00	736102.833333	0	0	63309	197627	139251	98907	61626
2016-05-18 21:00:00	736102.875	0	0	40717	197649	91840	80220	39242
2016-05-18 22:00:00	736102.916667	0	0	21608	197671	55998	63354	19171
2016-05-18 23:00:00	736102.958333	0	0	11677	197692	34170	51036	5675
2016-05-19 00:00:00	736103.0	0	0	10088	197714	6715	38530	3936
2016-05-19 01:00:00	736103.041667	0	0	5264	197735	16325	32657	-1187
2016-05-19 02:00:00	736103.083333	0	0	5821	197757	41216	32182	-953
2016-05-19 03:00:00	736103.125	0	0	23018	197779	79694	38395	4415
2016-05-19 04:00:00	736103.166667	0	0	43653	197800	129138	52616	20007
2016-05-19 05:00:00	736103.208333	0	0	66195	197822	186181	84634	59262
2016-05-19 06:00:00	736103.25	0	0	221915	197843	246936	214375	215071
2016-05-19 07:00:00	736103.291667	0	0	383867	197865	307264	350570	376469
2016-05-19 08:00:00	736103.333333	0	0	451268	197886	363056	431112	464190
2016-05-19 09:00:00	736103.375	0	0	489976	197908	410511	479526	518092
2016-05-19 10:00:00	736103.416667	0	0	442065	197930	446397	435559	469360
2016-05-19 11:00:00	736103.458333	0	0	432587	197951	468270	425958	461361
2016-05-19 12:00:00	736103.5	0	0	412016	197973	474639	428327	453680
2016-05-19 13:00:00	736103.541667	0	0	380805	197994	465074	415238	438568
2016-05-19 14:00:00	736103.583333	0	0	431907	198016	440227	429246	466413
2016-05-19 15:00:00	736103.625	0	0	444889	198038	401793	422601	459889
2016-05-19 16:00:00	736103.666667	0	0	387016	198059	352393	374687	410969
2016-05-19 17:00:00	736103.708333	0	0	307737	198081	295395	311773	331082
2016-05-19 18:00:00	736103.75	0	0	140061	198102	234684	161465	143453
2016-05-19 19:00:00	736103.791667	0	0	102706	198124	174400	128775	103376
2016-05-19 20:00:00	736103.833333	0	0	62133	198146	118652	93548	62452
2016-05-19 21:00:00	736103.875	0	0	41859	198167	71241	74861	41519
2016-05-19 22:00:00	736103.916667	0	0	24226	198189	35399	57995	25059
2016-05-19 23:00:00	736103.958333	0	0	12037	198210	13571	45677	10965
2016-05-20 00:00:00	736104.0	0	0	10166	198232	-46214	25662	3999
2016-05-20 01:00:00	736104.041667	0	0	5632	198254	-36604	19788	-1424
2016-05-20 02:00:00	736104.083333	0	0	6512	198275	-11713	19314	-1414
2016-05-20 03:00:00	736104.125	0	0	19614	198297	26764	25526	4363
2016-05-20 04:00:00	736104.166667	0	0	43091	198318	76208	39747	21124
2016-05-20 05:00:00	736104.208333	0	0	81340	198340	133251	71765	63309
2016-05-20 06:00:00	736104.25	0	0	254934	198361	194006	201506	214062
2016-05-20 07:00:00	736104.291667	0	0	379044	198383	254334	337701	363197
2016-05-20 08:00:00	736104.333333	0	0	452685	198405	310126	418243	441176
2016-05-20 09:00:00	736104.375	0	0	489703	198426	357581	466657	480640
2016-05-20 10:00:00	736104.416667	0	0	427170	198448	393467	422690	428824
2016-05-20 11:00:00	736104.458333	0	0	405800	198469	415340	413090	430245
2016-05-20 12:00:00	736104.5	0	0	416552	198491	421710	415458	462344
2016-05-20 13:00:00	736104.541667	0	0	401968	198513	412144	402369	436385
2016-05-20 14:00:00	736104.583333	0	0	430150	198534	387297	416377	453126
2016-05-20 15:00:00	736104.625	0	0	409546	198556	348863	409732	434506
2016-05-20 16:00:00	736104.666667	0	0	355449	198577	299463	361818	369319
2016-05-20 17:00:00	736104.708333	0	0	301292	198599	242465	298904	301630
2016-05-20 18:00:00	736104.75	0	0	132064	198621	181754	148596	127769
2016-05-20 19:00:00	736104.791667	0	0	79132	198642	121470	115906	82583
2016-05-20 20:00:00	736104.833333	0	0	52960	198664	65722	80679	49209
2016-05-20 21:00:00	736104.875	0	0	39205	198685	18311	61992	34949
2016-05-20 22:00:00	736104.916667	0	0	24628	198707	-17530	45126	20283
2016-05-20 23:00:00	736104.958333	0	0	13363	198729	-39358	32808	8390
2016-05-21 00:00:00	736105.0	0	0	11797	198750	-91218	-31725	5052
2016-05-21 01:00:00	736105.041667	0	0	5985	198772	-81609	-37599	-1114
2016-05-21 02:00:00	736105.083333	0	0	5366	198793	-56718	-38073	-1775
2016-05-21 03:00:00	736105.125	0	0	21799	198815	-18240	-31860	4095
2016-05-21 04:00:00	736105.166667	0	0	38391	198836	31204	-17639	14968
2016-05-21 05:00:00	736105.208333	0	0	50707	198858	88246	14378	34491
2016-05-21 06:00:00	736105.25	0	0	165711	198880	149001	144119	144010
2016-05-21 07:00:00	736105.291667	0	0	265168	198901	209329	280314	254087
2016-05-21 08:00:00	736105.333333	0	0	343728	198923	265122	360856	338338
2016-05-21 09:00:00	736105.375	0	0	384724	198944	312577	409269	388240
2016-05-21 10:00:00	736105.416667	0	0	356157	198966	348463	365303	355946
2016-05-21 11:00:00	736105.458333	0	0	314119	198988	370335	355702	334864
2016-05-21 12:00:00	736105.5	0	0	285997	199009	376705	358071	329975
2016-05-21 13:00:00	736105.541667	0	0	298207	199031	367140	344982	320833
2016-05-21 14:00:00	736105.583333	0	0	281600	199052	342293	358990	316391
2016-05-21 15:00:00	736105.625	0	0	284042	199074	303859	352345	303491
2016-05-21 16:00:00	736105.666667	0	0	240888	199096	254459	304430	258943
2016-05-21 17:00:00	736105.708333	0	0	181631	199117	197460	241517	201082
2016-05-21 18:00:00	736105.75	0	0	73356	199139	136750	91209	87810
2016-05-21 19:00:00	736105.791667	0	0	58567	199160	76465	58519	64839
2016-05-21 20:00:00	736105.833333	0	0	43122	199182	20717	23292	42841
2016-05-21 21:00:00	736105.875	0	0	38023	199204	-26693	4605	28041
2016-05-21 22:00:00	736105.916667	0	0	23836	199225	-62534	-12260	17797
2016-05-21 23:00:00	736105.958333	0	0	13611	199247	-84363	-24579	8055
2016-05-22 00:00:00	736106.0	0	1	11616	199268	-94009	-137378	5731
2016-05-22 01:00:00	736106.041667	0	1	5813	199290	-84400	-143252	-772
2016-05-22 02:00:00	736106.083333	0	1	5097	199311	-59509	-143726	-1720
2016-05-22 03:00:00	736106.125	0	1	9780	199333	-21031	-137513	2215
2016-05-22 04:00:00	736106.166667	0	1	25506	199355	28413	-123293	11020
2016-05-22 05:00:00	736106.208333	0	1	49189	199376	85455	-91274	21496
2016-05-22 06:00:00	736106.25	0	1	55646	199398	146210	38465	39899
2016-05-22 07:00:00	736106.291667	0	1	93569	199419	206539	174660	77356
2016-05-22 08:00:00	736106.333333	0	1	99418	199441	262331	255203	83311
2016-05-22 09:00:00	736106.375	0	1	113680	199463	309786	303616	87291
2016-05-22 10:00:00	736106.416667	0	1	102150	199484	345672	259649	79876
2016-05-22 11:00:00	736106.458333	0	1	75625	199506	367544	250049	68448
2016-05-22 12:00:00	736106.5	0	1	78797	199527	373914	252418	68984
2016-05-22 13:00:00	736106.541667	0	1	83810	199549	364349	239328	73159
2016-05-22 14:00:00	736106.583333	0	1	83964	199571	339502	253337	75115
2016-05-22 15:00:00	736106.625	0	1	90131	199592	301068	246692	85312
2016-05-22 16:00:00	736106.666667	0	1	95472	199614	251668	198777	90955
2016-05-22 17:00:00	736106.708333	0	1	90196	199635	194669	135864	84723
2016-05-22 18:00:00	736106.75	0	1	86516	199657	133959	-14443	74287
2016-05-22 19:00:00	736106.791667	0	1	76152	199678	73674	-47133	69926
2016-05-22 20:00:00	736106.833333	0	1	53386	199700	17926	-82361	49111
2016-05-22 21:00:00	736106.875	0	1	37648	199722	-29484	-101047	34745
2016-05-22 22:00:00	736106.916667	0	1	23797	199743	-65325	-117914	20466
2016-05-22 23:00:00	736106.958333	0	1	13246	199765	-87154	-130232	8358
2016-05-23 00:00:00	736107.0	0	0	10698	199786	-52086	59136	6315
2016-05-23 01:00:00	736107.041667	0	0	5564	199808	-42476	53262	1021
2016-05-23 02:00:00	736107.083333	0	0	5397	199830	-17585	52788	130
2016-05-23 03:00:00	736107.125	0	0	21529	199851	20892	59001	8597
2016-05-23 04:00:00	736107.166667	0	0	41832	199873	70336	73221	24388
2016-05-23 05:00:00	736107.208333	0	0	81914	199894	127379	105240	60669
2016-05-23 06:00:00	736107.25	0	0	246259	199916	188134	234981	218870
2016-05-23 07:00:00	736107.291667	0	0	421089	199938	248462	371175	397705
2016-05-23 08:00:00	736107.333333	0	0	519245	199959	304254	451718	515070
2016-05-23 09:00:00	736107.375	0	0	581855	199981	351710	500131	580739
2016-05-23 10:00:00	736107.416667	0	0	513548	200002	387595	456165	516689
2016-05-23 11:00:00	736107.458333	0	0	510497	200024	409468	446564	499156
2016-05-23 12:00:00	736107.5	0	0	499684	200046	415838	448933	503870
2016-05-23 13:00:00	736107.541667	0	0	475687	200067	406272	435843	493995
2016-05-23 14:00:00	736107.583333	0	0	491651	200089	381426	449852	503483
2016-05-23 15:00:00	736107.625	0	0	513007	200110	342992	443207	499702
2016-05-23 16:00:00	736107.666667	0	0	421774	200132	293591	395292	424115
2016-05-23 17:00:00	736107.708333	0	0	350857	200153	236593	332379	350770
2016-05-23 18:00:00	736107.75	0	0	151778	200175	175882	182071	165457
2016-05-23 19:00:00	736107.791667	0	0	111539	200197	115598	149381	114138
2016-05-23 20:00:00	736107.833333	0	0	67731	200218	59850	114153	68751
2016-05-23 21:00:00	736107.875	0	0	40170	200240	12439	95467	46755
2016-05-23 22:00:00	736107.916667	0	0	22728	200261	-23402	78600	25046
2016-05-23 23:00:00	736107.958333	0	0	11400	200283	-45230	66282	12268
2016-05-24 00:00:00	736108.0	0	0	11035	200305	3381	34009	8037
2016-05-24 01:00:00	736108.041667	0	0	4275	200326	12990	28135	820
2016-05-24 02:00:00	736108.083333	0	0	4167	200348	37882	27661	-21
2016-05-24 03:00:00	736108.125	0	0	14671	200369	76360	33873	7043
2016-05-24 04:00:00	736108.166667	0	0	37089	200391	125804	48094	23331
2016-05-24 05:00:00	736108.208333	0	0	78107	200413	182847	80112	59554
2016-05-24 06:00:00	736108.25	0	0	217778	200434	243601	209853	211129
2016-05-24 07:00:00	736108.291667	0	0	408071	200456	303930	346048	365380
2016-05-24 08:00:00	736108.333333	0	0	514954	200477	359722	426590	453350
2016-05-24 09:00:00	736108.375	0	0	516027	200499	407177	475004	517214
2016-05-24 10:00:00	736108.416667	0	0	448124	200521	443063	431037	471673
2016-05-24 11:00:00	736108.458333	0	0	432172	200542	464935	421437	452753
2016-05-24 12:00:00	736108.5	0	0	412302	200564	471305	423805	447364
2016-05-24 13:00:00	736108.541667	0	0	404838	200585	461740	410716	428095
2016-05-24 14:00:00	736108.583333	0	0	459971	200607	436893	424725	448449
2016-05-24 15:00:00	736108.625	0	0	467391	200628	398459	418079	440273
2016-05-24 16:00:00	736108.666667	0	0	423063	200650	349059	370165	388662
2016-05-24 17:00:00	736108.708333	0	0	343611	200672	292061	307251	317477
2016-05-24 18:00:00	736108.75	0	0	150711	200693	231350	156943	131961
2016-05-24 19:00:00	736108.791667	0	0	100007	200715	171066	124253	106399
2016-05-24 20:00:00	736108.833333	0	0	63778	200736	115318	89026	65038
2016-05-24 21:00:00	736108.875	0	0	40587	200758	67907	70339	42824
2016-05-24 22:00:00	736108.916667	0	0	23438	200780	32065	53473	22512
2016-05-24 23:00:00	736108.958333	0	0	12565	200801	10237	41155	10432
2016-05-25 00:00:00	736109.0	0	0	10375	200823	31024	47812	8312
2016-05-25 01:00:00	736109.041667	0	0	5508	200844	40633	41938	3034
2016-05-25 02:00:00	736109.083333	0	0	5706	200866	65524	41464	2925
2016-05-25 03:00:00	736109.125	0	0	14940	200888	104002	47677	9483
2016-05-25 04:00:00	736109.166667	0	0	38508	200909	153447	61897	24397
2016-05-25 05:00:00	736109.208333	0	0	85277	200931	210489	93916	63374
2016-05-25 06:00:00	736109.25	0	0	223373	200952	271244	223657	220114
2016-05-25 07:00:00	736109.291667	0	0	356598	200974	331572	359851	373654
2016-05-25 08:00:00	736109.333333	0	0	459525	200995	387365	440394	469889
2016-05-25 09:00:00	736109.375	0	0	481861	201017	434820	488807	527330
2016-05-25 10:00:00	736109.416667	0	0	442081	201039	470706	444841	472506
2016-05-25 11:00:00	736109.458333	0	0	440143	201060	492578	435240	483308
2016-05-25 12:00:00	736109.5	0	0	421249	201082	498948	437609	481271
2016-05-25 13:00:00	736109.541667	0	0	411808	201103	489383	424520	465252
2016-05-25 14:00:00	736109.583333	0	0	428550	201125	464536	438528	491109
2016-05-25 15:00:00	736109.625	0	0	430486	201147	426102	431883	484205
2016-05-25 16:00:00	736109.666667	0	0	402533	201168	376702	383968	433497
2016-05-25 17:00:00	736109.708333	0	0	331102	201190	319703	321055	351971
2016-05-25 18:00:00	736109.75	0	0	147675	201211	258992	170747	153335
2016-05-25 19:00:00	736109.791667	0	0	103679	201233	198708	138057	109363
2016-05-25 20:00:00	736109.833333	0	0	67766	201255	142960	102829	66025
2016-05-25 21:00:00	736109.875	0	0	43377	201276	95549	84143	43641
2016-05-25 22:00:00	736109.916667	0	0	23889	201298	59707	67277	23570
2016-05-25 23:00:00	736109.958333	0	0	6820	201319	37879	54958	10074
2016-05-26 00:00:00	736110.0	0	0	10797	201341	10425	42453	8335
2016-05-26 01:00:00	736110.041667	0	0	6392	201363	20034	36579	3211
2016-05-26 02:00:00	736110.083333	0	0	6347	201384	44925	36105	3445
2016-05-26 03:00:00	736110.125	0	0	8679	201406	83403	42318	8814
2016-05-26 04:00:00	736110.166667	0	0	20709	201427	132848	56538	24406
2016-05-26 05:00:00	736110.208333	0	0	61241	201449	189890	88557	63661
2016-05-26 06:00:00	736110.25	0	0	210755	201470	250645	218298	219470
2016-05-26 07:00:00	736110.291667	0	0	343867	201492	310973	354492	380868
2016-05-26 08:00:00	736110.333333	0	0	416408	201514	366766	435035	468589
2016-05-26 09:00:00	736110.375	0	0	434253	201535	414221	483448	522491
2016-05-26 10:00:00	736110.416667	0	0	422212	201557	450107	439482	473759
2016-05-26 11:00:00	736110.458333	0	0	387529	201578	471979	429881	465760
2016-05-26 12:00:00	736110.5	0	0	385792	201600	478349	432250	458079
2016-05-26 13:00:00	736110.541667	0	0	374370	201622	468784	419160	442967
2016-05-26 14:00:00	736110.583333	0	0	386258	201643	443937	433169	470812
2016-05-26 15:00:00	736110.625	0	0	391591	201665	405503	426524	464288
2016-05-26 16:00:00	736110.666667	0	0	362590	201686	356103	378609	415368
2016-05-26 17:00:00	736110.708333	0	0	304972	201708	299104	315696	335481
2016-05-26 18:00:00	736110.75	0	0	128643	201730	238394	165388	147852
2016-05-26 19:00:00	736110.791667	0	0	96672	201751	178109	132698	107775
2016-05-26 20:00:00	736110.833333	0	0	62085	201773	122361	97470	66851
2016-05-26 21:00:00	736110.875	0	0	41589	201794	74950	78784	45918
2016-05-26 22:00:00	736110.916667	0	0	23139	201816	39109	61917	29458
2016-05-26 23:00:00	736110.958333	0	0	12354	201838	17280	49599	15364
2016-05-27 00:00:00	736111.0	0	0	10783	201859	-42504	29584	8398
2016-05-27 01:00:00	736111.041667	0	0	5962	201881	-32895	23710	2974
2016-05-27 02:00:00	736111.083333	0	0	5542	201902	-8004	23236	2984
2016-05-27 03:00:00	736111.125	0	0	15729	201924	30473	29449	8762
2016-05-27 04:00:00	736111.166667	0	0	38536	201945	79918	43669	25523
2016-05-27 05:00:00	736111.208333	0	0	94886	201967	136960	75688	67708
2016-05-27 06:00:00	736111.25	0	0	229551	201989	197715	205429	218461
2016-05-27 07:00:00	736111.291667	0	0	376175	202010	258043	341624	367596
2016-05-27 08:00:00	736111.333333	0	0	447590	202032	313836	422166	445575
2016-05-27 09:00:00	736111.375	0	0	472960	202053	361291	470579	485039
2016-05-27 10:00:00	736111.416667	0	0	408722	202075	397177	426613	433223
2016-05-27 11:00:00	736111.458333	0	0	418883	202097	419049	417012	434644
2016-05-27 12:00:00	736111.5	0	0	403519	202118	425419	419381	466743
2016-05-27 13:00:00	736111.541667	0	0	402165	202140	415854	406292	440784
2016-05-27 14:00:00	736111.583333	0	0	421033	202161	391007	420300	457525
2016-05-27 15:00:00	736111.625	0	0	423969	202183	352573	413655	438905
2016-05-27 16:00:00	736111.666667	0	0	356022	202205	303173	365740	373718
2016-05-27 17:00:00	736111.708333	0	0	301954	202226	246174	302827	306029
2016-05-27 18:00:00	736111.75	0	0	142964	202248	185464	152519	132168
2016-05-27 19:00:00	736111.791667	0	0	97859	202269	125179	119829	86982
2016-05-27 20:00:00	736111.833333	0	0	53423	202291	69431	84602	53608
2016-05-27 21:00:00	736111.875	0	0	38870	202313	22020	65915	39348
2016-05-27 22:00:00	736111.916667	0	0	28304	202334	-13820	49049	24682
2016-05-27 23:00:00	736111.958333	0	0	15215	202356	-35649	36730	12789
2016-05-28 00:00:00	736112.0	0	0	11742	202377	-87509	-27802	9451
2016-05-28 01:00:00	736112.041667	0	0	6191	202399	-77900	-33676	3284
2016-05-28 02:00:00	736112.083333	0	0	6002	202420	-53008	-34150	2623
2016-05-28 03:00:00	736112.125	0	0	18397	202442	-14530	-27937	8494
2016-05-28 04:00:00	736112.166667	0	0	34900	202464	34913	-13717	19367
2016-05-28 05:00:00	736112.208333	0	0	60521	202485	91956	18301	38890
2016-05-28 06:00:00	736112.25	0	0	152750	202507	152710	148041	148409
2016-05-28 07:00:00	736112.291667	0	0	256512	202528	213039	284236	258486
2016-05-28 08:00:00	736112.333333	0	0	318472	202550	268831	364779	342737
2016-05-28 09:00:00	736112.375	0	0	358500	202572	316286	413192	392639
2016-05-28 10:00:00	736112.416667	0	0	329308	202593	352172	369225	360345
2016-05-28 11:00:00	736112.458333	0	0	317268	202615	374044	359625	339263
2016-05-28 12:00:00	736112.5	0	0	303790	202636	380414	361994	334374
2016-05-28 13:00:00	736112.541667	0	0	300128	202658	370849	348904	325232
2016-05-28 14:00:00	736112.583333	0	0	295549	202680	346002	362913	320790
2016-05-28 15:00:00	736112.625	0	0	279782	202701	307568	356268	307890
2016-05-28 16:00:00	736112.666667	0	0	254357	202723	258168	308353	263342
2016-05-28 17:00:00	736112.708333	0	0	211883	202744	201170	245440	205481
2016-05-28 18:00:00	736112.75	0	0	103436	202766	140459	95132	92209
2016-05-28 19:00:00	736112.791667	0	0	63970	202787	80175	62442	69238
2016-05-28 20:00:00	736112.833333	0	0	42345	202809	24427	27214	47240
2016-05-28 21:00:00	736112.875	0	0	31641	202831	-22983	8527	32440
2016-05-28 22:00:00	736112.916667	0	0	24147	202852	-58825	-8338	22196
2016-05-28 23:00:00	736112.958333	0	0	14512	202874	-80653	-20656	12454
2016-05-29 00:00:00	736113.0	0	1	12389	202895	-90300	-133455	10130
2016-05-29 01:00:00	736113.041667	0	1	6356	202917	-80690	-139329	3626
2016-05-29 02:00:00	736113.083333	0	1	5552	202939	-55799	-139803	2678
2016-05-29 03:00:00	736113.125	0	1	17799	202960	-17321	-133591	6614
2016-05-29 04:00:00	736113.166667	0	1	33754	202982	32122	-119370	15419
2016-05-29 05:00:00	736113.208333	0	1	46280	203003	89165	-87352	25895
2016-05-29 06:00:00	736113.25	0	1	66097	203025	149920	42388	44298
2016-05-29 07:00:00	736113.291667	0	1	91157	203047	210248	178583	81755
2016-05-29 08:00:00	736113.333333	0	1	114358	203068	266040	259125	87710
2016-05-29 09:00:00	736113.375	0	1	115142	203090	313495	307539	91690
2016-05-29 10:00:00	736113.416667	0	1	107802	203111	349381	263572	84275
2016-05-29 11:00:00	736113.458333	0	1	77169	203133	371254	253972	72847
2016-05-29 12:00:00	736113.5	0	1	83047	203155	377624	256340	73383
2016-05-29 13:00:00	736113.541667	0	1	102094	203176	368058	243251	77558
2016-05-29 14:00:00	736113.583333	0	1	112065	203198	343211	257260	79514
2016-05-29 15:00:00	736113.625	0	1	123062	203219	304777	250614	89711
2016-05-29 16:00:00	736113.666667	0	1	126567	203241	255377	202700	95354
2016-05-29 17:00:00	736113.708333	0	1	118443	203262	198379	139786	89122
2016-05-29 18:00:00	736113.75	0	1	113425	203284	137668	-10521	78686
2016-05-29 19:00:00	736113.791667	0	1	83824	203306	77384	-43211	74325
2016-05-29 20:00:00	736113.833333	0	1	60668	203327	21636	-78438	53510
2016-05-29 21:00:00	736113.875	0	1	42010	203349	-25774	-97125	39144
2016-05-29 22:00:00	736113.916667	0	1	26250	203370	-61616	-113991	24865
2016-05-29 23:00:00	736113.958333	0	1	13900	203392	-83444	-126309	12757
2016-05-30 00:00:00	736114.0	0	0	10971	203414	-48376	63059	10714
2016-05-30 01:00:00	736114.041667	0	0	5954	203435	-38767	57185	5420
2016-05-30 02:00:00	736114.083333	0	0	6152	203457	-13876	56711	4529
2016-05-30 03:00:00	736114.125	0	0	23203	203478	24601	62923	12996
2016-05-30 04:00:00	736114.166667	0	0	45214	203500	74046	77144	28787
2016-05-30 05:00:00	736114.208333	0	0	86498	203522	131088	109162	65068
2016-05-30 06:00:00	736114.25	0	0	248091	203543	191843	238903	223269
2016-05-30 07:00:00	736114.291667	0	0	454120	203565	252172	375098	402104
2016-05-30 08:00:00	736114.333333	0	0	577754	203586	307964	455640	519469
2016-05-30 09:00:00	736114.375	0	0	636516	203608	355419	504054	585138
2016-05-30 10:00:00	736114.416667	0	0	567238	203630	391305	460087	521088
2016-05-30 11:00:00	736114.458333	0	0	541677	203651	413177	450487	503555
2016-05-30 12:00:00	736114.5	0	0	513804	203673	419547	452856	508269
2016-05-30 13:00:00	736114.541667	0	0	545988	203694	409982	439766	498394
2016-05-30 14:00:00	736114.583333	0	0	539716	203716	385135	453775	507882
2016-05-30 15:00:00	736114.625	0	0	562674	203737	346701	447130	504101
2016-05-30 16:00:00	736114.666667	0	0	462695	203759	297301	399215	428514
2016-05-30 17:00:00	736114.708333	0	0	394500	203781	240302	336301	355169
2016-05-30 18:00:00	736114.75	0	0	195314	203802	179592	185994	169856
2016-05-30 19:00:00	736114.791667	0	0	135648	203824	119307	153303	118537
2016-05-30 20:00:00	736114.833333	0	0	78210	203845	63559	118076	73150
2016-05-30 21:00:00	736114.875	0	0	52370	203867	16148	99389	51154
2016-05-30 22:00:00	736114.916667	0	0	28048	203889	-19692	82523	29445
2016-05-30 23:00:00	736114.958333	0	0	14368	203910	-41521	70205	16667
2016-05-31 00:00:00	736115.0	0	0	12296	203932	7091	37931	12436
2016-05-31 01:00:00	736115.041667	0	0	6674	203953	16700	32058	5219
2016-05-31 02:00:00	736115.083333	0	0	6471	203975	41591	31583	4377
2016-05-31 03:00:00	736115.125	0	0	22711	203997	80069	37796	11442
2016-05-31 04:00:00	736115.166667	0	0	44907	204018	129513	52017	27730
2016-05-31 05:00:00	736115.208333	0	0	85553	204040	186556	84035	63953
2016-05-31 06:00:00	736115.25	0	0	236534	204061	247311	213776	215528
2016-05-31 07:00:00	736115.291667	0	0	425516	204083	307639	349971	369779
2016-05-31 08:00:00	736115.333333	0	0	484638	204105	363431	430513	457749
2016-05-31 09:00:00	736115.375	0	0	588234	204126	410887	478927	521613
2016-05-31 10:00:00	736115.416667	0	0	553669	204148	446773	434960	476072
2016-05-31 11:00:00	736115.458333	0	0	526241	204169	468645	425359	457152
2016-05-31 12:00:00	736115.5	0	0	509739	204191	475015	427728	451763
2016-05-31 13:00:00	736115.541667	0	0	483043	204212	465450	414639	432494
2016-05-31 14:00:00	736115.583333	0	0	503329	204234	440603	428647	452848
2016-05-31 15:00:00	736115.625	0	0	521983	204256	402169	422002	444672
2016-05-31 16:00:00	736115.666667	0	0	461465	204277	352769	374088	393061
2016-05-31 17:00:00	736115.708333	0	0	373520	204299	295770	311174	321876
2016-05-31 18:00:00	736115.75	0	0	170693	204320	235059	160866	136360
2016-05-31 19:00:00	736115.791667	0	0	129307	204342	174775	128176	110798
2016-05-31 20:00:00	736115.833333	0	0	84971	204364	119027	92949	69437
2016-05-31 21:00:00	736115.875	0	0	55407	204385	71616	74262	47223
2016-05-31 22:00:00	736115.916667	0	0	29703	204407	35774	57396	26911
2016-05-31 23:00:00	736115.958333	0	0	14660	204428	13946	45078	14831
2016-06-01 00:00:00	736116.0	0	0	12350	204450	34733	51735	12711
2016-06-01 01:00:00	736116.041667	0	0	7023	204472	44342	45861	7433
2016-06-01 02:00:00	736116.083333	0	0	7200	204493	69234	45387	7324
2016-06-01 03:00:00	736116.125	0	0	10579	204515	107712	51599	13882
2016-06-01 04:00:00	736116.166667	0	0	23503	204536	157156	65820	28796
2016-06-01 05:00:00	736116.208333	0	0	62555	204558	214199	97838	67773
2016-06-01 06:00:00	736116.25	0	0	216950	204579	274953	227579	224513
2016-06-01 07:00:00	736116.291667	0	0	383169	204601	335282	363774	378053
2016-06-01 08:00:00	736116.333333	0	0	473559	204623	391074	444317	474288
2016-06-01 09:00:00	736116.375	0	0	525666	204644	438529	492730	531729
2016-06-01 10:00:00	736116.416667	0	0	472017	204666	474415	448763	476905
2016-06-01 11:00:00	736116.458333	0	0	504204	204687	496287	439163	487707
2016-06-01 12:00:00	736116.5	0	0	487080	204709	502657	441532	485670
2016-06-01 13:00:00	736116.541667	0	0	480878	204731	493092	428442	469651
2016-06-01 14:00:00	736116.583333	0	0	485963	204752	468245	442451	495508
2016-06-01 15:00:00	736116.625	0	0	481529	204774	429811	435806	488604
2016-06-01 16:00:00	736116.666667	0	0	417776	204795	380411	387891	437896
2016-06-01 17:00:00	736116.708333	0	0	348771	204817	323413	324978	356370
2016-06-01 18:00:00	736116.75	0	0	154135	204839	262702	174670	157734
2016-06-01 19:00:00	736116.791667	0	0	122205	204860	202418	141979	113762
2016-06-01 20:00:00	736116.833333	0	0	78980	204882	146670	106752	70424
2016-06-01 21:00:00	736116.875	0	0	48655	204903	99259	88065	48040
2016-06-01 22:00:00	736116.916667	0	0	28586	204925	63417	71199	27969
2016-06-01 23:00:00	736116.958333	0	0	15771	204947	41589	58881	14473
2016-06-02 00:00:00	736117.0	0	0	12595	204968	14134	46376	12734
2016-06-02 01:00:00	736117.041667	0	0	6933	204990	23743	40502	7610
2016-06-02 02:00:00	736117.083333	0	0	7240	205011	48635	40028	7844
2016-06-02 03:00:00	736117.125	0	0	9858	205033	87113	46240	13213
2016-06-02 04:00:00	736117.166667	0	0	24219	205054	136557	60461	28805
2016-06-02 05:00:00	736117.208333	0	0	63990	205076	193600	92479	68060
2016-06-02 06:00:00	736117.25	0	0	215629	205098	254354	222220	223869
2016-06-02 07:00:00	736117.291667	0	0	379589	205119	314683	358415	385267
2016-06-02 08:00:00	736117.333333	0	0	426247	205141	370475	438957	472988
2016-06-02 09:00:00	736117.375	0	0	502391	205162	417930	487371	526890
2016-06-02 10:00:00	736117.416667	0	0	448821	205184	453816	443404	478158
2016-06-02 11:00:00	736117.458333	0	0	442025	205206	475688	433804	470159
2016-06-02 12:00:00	736117.5	0	0	423378	205227	482058	436173	462478
2016-06-02 13:00:00	736117.541667	0	0	422543	205249	472493	423083	447366
2016-06-02 14:00:00	736117.583333	0	0	464889	205270	447646	437092	475211
2016-06-02 15:00:00	736117.625	0	0	454658	205292	409212	430447	468687
2016-06-02 16:00:00	736117.666667	0	0	393312	205314	359812	382532	419767
2016-06-02 17:00:00	736117.708333	0	0	325690	205335	302814	319618	339880
2016-06-02 18:00:00	736117.75	0	0	143191	205357	242103	169311	152251
2016-06-02 19:00:00	736117.791667	0	0	107833	205378	181819	136620	112174
2016-06-02 20:00:00	736117.833333	0	0	69526	205400	126071	101393	71250
2016-06-02 21:00:00	736117.875	0	0	44035	205422	78660	82706	50317
2016-06-02 22:00:00	736117.916667	0	0	26402	205443	42818	65840	33857
2016-06-02 23:00:00	736117.958333	0	0	14242	205465	20990	53522	19763
2016-06-03 00:00:00	736118.0	0	0	12510	205486	-38795	33507	12797
2016-06-03 01:00:00	736118.041667	0	0	6798	205508	-29186	27633	7373
2016-06-03 02:00:00	736118.083333	0	0	6644	205529	-4294	27159	7383
2016-06-03 03:00:00	736118.125	0	0	9610	205551	34183	33372	13161
2016-06-03 04:00:00	736118.166667	0	0	20018	205573	83627	47592	29922
2016-06-03 05:00:00	736118.208333	0	0	59516	205594	140670	79611	72107
2016-06-03 06:00:00	736118.25	0	0	165255	205616	201424	209351	222860
2016-06-03 07:00:00	736118.291667	0	0	249206	205637	261753	345546	371995
2016-06-03 08:00:00	736118.333333	0	0	287583	205659	317545	426089	449974
2016-06-03 09:00:00	736118.375	0	0	296292	205681	365000	474502	489438
2016-06-03 10:00:00	736118.416667	0	0	282105	205702	400886	430535	437622
2016-06-03 11:00:00	736118.458333	0	0	335918	205724	422759	420935	439043
2016-06-03 12:00:00	736118.5	0	0	488292	205745	429128	423304	471142
2016-06-03 13:00:00	736118.541667	0	0	464383	205767	419563	410214	445183
2016-06-03 14:00:00	736118.583333	0	0	468936	205789	394716	424223	461924
2016-06-03 15:00:00	736118.625	0	0	416369	205810	356282	417578	443304
2016-06-03 16:00:00	736118.666667	0	0	359708	205832	306882	369663	378117
2016-06-03 17:00:00	736118.708333	0	0	292299	205853	249884	306750	310428
2016-06-03 18:00:00	736118.75	0	0	124405	205875	189173	156442	136567
2016-06-03 19:00:00	736118.791667	0	0	91050	205897	128889	123751	91381
2016-06-03 20:00:00	736118.833333	0	0	60681	205918	73141	88524	58007
2016-06-03 21:00:00	736118.875	0	0	41356	205940	25730	69837	43747
2016-06-03 22:00:00	736118.916667	0	0	28410	205961	-10111	52971	29081
2016-06-03 23:00:00	736118.958333	0	0	17194	205983	-31939	40653	17188
2016-06-04 00:00:00	736119.0	0	0	12961	206004	-83799	-23879	13850
2016-06-04 01:00:00	736119.041667	0	0	6672	206026	-74190	-29753	7683
2016-06-04 02:00:00	736119.083333	0	0	6391	206048	-49299	-30227	7022
2016-06-04 03:00:00	736119.125	0	0	7725	206069	-10821	-24015	12893
2016-06-04 04:00:00	736119.166667	0	0	14212	206091	38622	-9794	23766
2016-06-04 05:00:00	736119.208333	0	0	38121	206112	95665	22223	43289
2016-06-04 06:00:00	736119.25	0	0	152131	206134	156420	151964	152808
2016-06-04 07:00:00	736119.291667	0	0	279735	206156	216748	288159	262885
2016-06-04 08:00:00	736119.333333	0	0	381560	206177	272540	368701	347136
2016-06-04 09:00:00	736119.375	0	0	442359	206199	319996	417115	397038
2016-06-04 10:00:00	736119.416667	0	0	415188	206220	355882	373148	364744
2016-06-04 11:00:00	736119.458333	0	0	408052	206242	377754	363548	343662
2016-06-04 12:00:00	736119.5	0	0	398943	206264	384124	365916	338773
2016-06-04 13:00:00	736119.541667	0	0	350377	206285	374559	352827	329631
2016-06-04 14:00:00	736119.583333	0	0	360703	206307	349712	366836	325189
2016-06-04 15:00:00	736119.625	0	0	343927	206328	311278	360190	312289
2016-06-04 16:00:00	736119.666667	0	0	296217	206350	261877	312276	267741
2016-06-04 17:00:00	736119.708333	0	0	240264	206371	204879	249362	209880
2016-06-04 18:00:00	736119.75	0	0	135854	206393	144168	99054	96608
2016-06-04 19:00:00	736119.791667	0	0	118356	206415	83884	66364	73637
2016-06-04 20:00:00	736119.833333	0	0	85773	206436	28136	31137	51639
2016-06-04 21:00:00	736119.875	0	0	39362	206458	-19274	12450	36839
2016-06-04 22:00:00	736119.916667	0	0	27383	206479	-55116	-4415	26595
2016-06-04 23:00:00	736119.958333	0	0	16769	206501	-76944	-16733	16853
2016-06-05 00:00:00	736120.0	0	1	14443	206523	-86590	-129532	14529
2016-06-05 01:00:00	736120.041667	0	1	7323	206544	-76981	-135406	8025
2016-06-05 02:00:00	736120.083333	0	1	7088	206566	-52090	-135881	7077
2016-06-05 03:00:00	736120.125	0	1	6958	206587	-13612	-129668	11013
2016-06-05 04:00:00	736120.166667	0	1	11679	206609	35832	-115447	19818
2016-06-05 05:00:00	736120.208333	0	1	24302	206631	92874	-83429	30294
2016-06-05 06:00:00	736120.25	0	1	47286	206652	153629	46311	48697
2016-06-05 07:00:00	736120.291667	0	1	92681	206674	213958	182506	86154
2016-06-05 08:00:00	736120.333333	0	1	89325	206695	269750	263048	92109
2016-06-05 09:00:00	736120.375	0	1	91357	206717	317205	311462	96089
2016-06-05 10:00:00	736120.416667	0	1	82836	206739	353091	267495	88674
2016-06-05 11:00:00	736120.458333	0	1	76633	206760	374963	257894	77246
2016-06-05 12:00:00	736120.5	0	1	74873	206782	381333	260263	77782
2016-06-05 13:00:00	736120.541667	0	1	75334	206803	371768	247174	81957
2016-06-05 14:00:00	736120.583333	0	1	74506	206825	346921	261182	83913
2016-06-05 15:00:00	736120.625	0	1	87179	206846	308487	254537	94110
2016-06-05 16:00:00	736120.666667	0	1	92763	206868	259087	206623	99753
2016-06-05 17:00:00	736120.708333	0	1	92165	206890	202088	143709	93521
2016-06-05 18:00:00	736120.75	0	1	87414	206911	141378	-6598	83084
2016-06-05 19:00:00	736120.791667	0	1	78369	206933	81093	-39288	78724
2016-06-05 20:00:00	736120.833333	0	1	58642	206954	25345	-74515	57909
2016-06-05 21:00:00	736120.875	0	1	42527	206976	-22065	-93202	43543
2016-06-05 22:00:00	736120.916667	0	1	27137	206998	-57906	-110068	29264
2016-06-05 23:00:00	736120.958333	0	1	14436	207019	-79735	-122386	17156
2016-06-06 00:00:00	736121.0	0	0	12358	207041	-44667	66982	15113
2016-06-06 01:00:00	736121.041667	0	0	7427	207062	-35057	61108	9818
2016-06-06 02:00:00	736121.083333	0	0	7301	207084	-10166	60634	8927
2016-06-06 03:00:00	736121.125	0	0	8607	207106	28311	66846	17395
2016-06-06 04:00:00	736121.166667	0	0	19642	207127	77755	81067	33186
2016-06-06 05:00:00	736121.208333	0	0	58794	207149	134798	113085	69467
2016-06-06 06:00:00	736121.25	0	0	242962	207170	195553	242826	227668
2016-06-06 07:00:00	736121.291667	0	0	428359	207192	255881	379021	406503
2016-06-06 08:00:00	736121.333333	0	0	525719	207214	311673	459563	523868
2016-06-06 09:00:00	736121.375	0	0	607404	207235	359128	507977	589537
2016-06-06 10:00:00	736121.416667	0	0	514009	207257	395014	464010	525487
2016-06-06 11:00:00	736121.458333	0	0	537074	207278	416887	454410	507954
2016-06-06 12:00:00	736121.5	0	0	540557	207300	423257	456778	512668
2016-06-06 13:00:00	736121.541667	0	0	519359	207321	413691	443689	502793
2016-06-06 14:00:00	736121.583333	0	0	520797	207343	388844	457698	512281
2016-06-06 15:00:00	736121.625	0	0	527085	207365	350410	451052	508500
2016-06-06 16:00:00	736121.666667	0	0	454372	207386	301010	403138	432913
2016-06-06 17:00:00	736121.708333	0	0	361743	207408	244012	340224	359568
2016-06-06 18:00:00	736121.75	0	0	156464	207429	183301	189916	174255
2016-06-06 19:00:00	736121.791667	0	0	113836	207451	123017	157226	122936
2016-06-06 20:00:00	736121.833333	0	0	71145	207473	67269	121999	77549
2016-06-06 21:00:00	736121.875	0	0	47085	207494	19858	103312	55553
2016-06-06 22:00:00	736121.916667	0	0	28756	207516	-15983	86446	33844
2016-06-06 23:00:00	736121.958333	0	0	17518	207537	-37811	74128	21066
2016-06-07 00:00:00	736122.0	0	0	13230	207559	10800	41854	16835
2016-06-07 01:00:00	736122.041667	0	0	8091	207581	20409	35980	9618
2016-06-07 02:00:00	736122.083333	0	0	7802	207602	45300	35506	8775
2016-06-07 03:00:00	736122.125	0	0	8771	207624	83779	41719	15841
2016-06-07 04:00:00	736122.166667	0	0	22026	207645	133223	55939	32129
2016-06-07 05:00:00	736122.208333	0	0	64875	207667	190265	87958	68352
2016-06-07 06:00:00	736122.25	0	0	237406	207688	251020	217699	219927
2016-06-07 07:00:00	736122.291667	0	0	375532	207710	311349	353893	374178
2016-06-07 08:00:00	736122.333333	0	0	473387	207732	367141	434436	462148
2016-06-07 09:00:00	736122.375	0	0	536379	207753	414596	482849	526012
2016-06-07 10:00:00	736122.416667	0	0	489798	207775	450482	438883	480471
2016-06-07 11:00:00	736122.458333	0	0	470503	207796	472354	429282	461551
2016-06-07 12:00:00	736122.5	0	0	469793	207818	478724	431651	456162
2016-06-07 13:00:00	736122.541667	0	0	457523	207840	469159	418561	436892
2016-06-07 14:00:00	736122.583333	0	0	486792	207861	444312	432570	457247
2016-06-07 15:00:00	736122.625	0	0	483335	207883	405878	425925	449071
2016-06-07 16:00:00	736122.666667	0	0	433465	207904	356478	378010	397460
2016-06-07 17:00:00	736122.708333	0	0	356372	207926	299480	315097	326275
2016-06-07 18:00:00	736122.75	0	0	152077	207948	238769	164789	140759
2016-06-07 19:00:00	736122.791667	0	0	103104	207969	178485	132099	115197
2016-06-07 20:00:00	736122.833333	0	0	67615	207991	122737	96871	73836
2016-06-07 21:00:00	736122.875	0	0	46061	208012	75326	78185	51622
2016-06-07 22:00:00	736122.916667	0	0	28363	208034	39484	61318	31310
2016-06-07 23:00:00	736122.958333	0	0	15207	208056	17656	49000	19230
2016-06-08 00:00:00	736123.0	0	0	14536	208077	38442	55658	17110
2016-06-08 01:00:00	736123.041667	0	0	9088	208099	48052	49784	11831
2016-06-08 02:00:00	736123.083333	0	0	8848	208120	72943	49310	11723
2016-06-08 03:00:00	736123.125	0	0	10718	208142	111421	55522	18280
2016-06-08 04:00:00	736123.166667	0	0	21984	208163	160865	69743	33194
2016-06-08 05:00:00	736123.208333	0	0	66275	208185	217908	101761	72172
2016-06-08 06:00:00	736123.25	0	0	226409	208207	278663	231502	228911
2016-06-08 07:00:00	736123.291667	0	0	366950	208228	338991	367697	382452
2016-06-08 08:00:00	736123.333333	0	0	477410	208250	394783	448239	478687
2016-06-08 09:00:00	736123.375	0	0	527168	208271	442239	496653	536128
2016-06-08 10:00:00	736123.416667	0	0	479951	208293	478124	452686	481304
2016-06-08 11:00:00	736123.458333	0	0	493023	208315	499997	443086	492106
2016-06-08 12:00:00	736123.5	0	0	493486	208336	506367	445454	490069
2016-06-08 13:00:00	736123.541667	0	0	442789	208358	496802	432365	474050
2016-06-08 14:00:00	736123.583333	0	0	476225	208379	471955	446374	499907
2016-06-08 15:00:00	736123.625	0	0	477097	208401	433521	439728	493003
2016-06-08 16:00:00	736123.666667	0	0	426342	208423	384120	391814	442294
2016-06-08 17:00:00	736123.708333	0	0	330926	208444	327122	328900	360769
2016-06-08 18:00:00	736123.75	0	0	153908	208466	266411	178592	162133
2016-06-08 19:00:00	736123.791667	0	0	110912	208487	206127	145902	118161
2016-06-08 20:00:00	736123.833333	0	0	71681	208509	150379	110675	74823
2016-06-08 21:00:00	736123.875	0	0	51907	208531	102968	91988	52439
2016-06-08 22:00:00	736123.916667	0	0	31927	208552	67126	75122	32368
2016-06-08 23:00:00	736123.958333	0	0	17732	208574	45298	62804	18872
2016-06-09 00:00:00	736124.0	0	0	14124	208595	17844	50299	17133
2016-06-09 01:00:00	736124.041667	0	0	8303	208617	27453	44425	12009
2016-06-09 02:00:00	736124.083333	0	0	9395	208638	52344	43951	12243
2016-06-09 03:00:00	736124.125	0	0	10204	208660	90822	50163	17612
2016-06-09 04:00:00	736124.166667	0	0	23857	208682	140266	64384	33204
2016-06-09 05:00:00	736124.208333	0	0	67254	208703	197309	96402	72459
2016-06-09 06:00:00	736124.25	0	0	233318	208725	258064	226143	228268
2016-06-09 07:00:00	736124.291667	0	0	407191	208746	318392	362338	389666
2016-06-09 08:00:00	736124.333333	0	0	495889	208768	374184	442880	477387
2016-06-09 09:00:00	736124.375	0	0	565904	208790	421640	491294	531289
2016-06-09 10:00:00	736124.416667	0	0	496358	208811	457526	447327	482557
2016-06-09 11:00:00	736124.458333	0	0	499474	208833	479398	437727	474558
2016-06-09 12:00:00	736124.5	0	0	514947	208854	485768	440095	466877
2016-06-09 13:00:00	736124.541667	0	0	461899	208876	476203	427006	451765
2016-06-09 14:00:00	736124.583333	0	0	477563	208898	451356	441015	479609
2016-06-09 15:00:00	736124.625	0	0	466576	208919	412922	434369	473086
2016-06-09 16:00:00	736124.666667	0	0	438464	208941	363521	386455	424166
2016-06-09 17:00:00	736124.708333	0	0	352056	208962	306523	323541	344279
2016-06-09 18:00:00	736124.75	0	0	175683	208984	245812	173233	156650
2016-06-09 19:00:00	736124.791667	0	0	145219	209006	185528	140543	116572
2016-06-09 20:00:00	736124.833333	0	0	99886	209027	129780	105316	75648
2016-06-09 21:00:00	736124.875	0	0	80661	209049	82369	86629	54716
2016-06-09 22:00:00	736124.916667	0	0	74150	209070	46527	69763	38256
2016-06-09 23:00:00	736124.958333	0	0	49775	209092	24699	57445	24162
2016-06-10 00:00:00	736125.0	0	0	13622	209113	-35085	37430	17195
2016-06-10 01:00:00	736125.041667	0	0	8212	209135	-25476	31556	11772
2016-06-10 02:00:00	736125.083333	0	0	7942	209157	-585	31082	11782
2016-06-10 03:00:00	736125.125	0	0	10112	209178	37892	37294	17560
2016-06-10 04:00:00	736125.166667	0	0	21729	209200	87336	51515	34321
2016-06-10 05:00:00	736125.208333	0	0	62040	209221	144379	83533	76506
2016-06-10 06:00:00	736125.25	0	0	208116	209243	205134	213274	227259
2016-06-10 07:00:00	736125.291667	0	0	373144	209265	265462	349469	376394
2016-06-10 08:00:00	736125.333333	0	0	458917	209286	321254	430011	454373
2016-06-10 09:00:00	736125.375	0	0	508567	209308	368710	478425	493837
2016-06-10 10:00:00	736125.416667	0	0	457709	209329	404596	434458	442021
2016-06-10 11:00:00	736125.458333	0	0	475361	209351	426468	424858	443441
2016-06-10 12:00:00	736125.5	0	0	481238	209373	432838	427226	475541
2016-06-10 13:00:00	736125.541667	0	0	450378	209394	423273	414137	449582
2016-06-10 14:00:00	736125.583333	0	0	477487	209416	398426	428146	466323
2016-06-10 15:00:00	736125.625	0	0	427256	209437	359992	421500	447703
2016-06-10 16:00:00	736125.666667	0	0	371286	209459	310592	373586	382515
2016-06-10 17:00:00	736125.708333	0	0	292149	209480	253593	310672	314827
2016-06-10 18:00:00	736125.75	0	0	123500	209502	192882	160364	140966
2016-06-10 19:00:00	736125.791667	0	0	82037	209524	132598	127674	95780
2016-06-10 20:00:00	736125.833333	0	0	53114	209545	76850	92447	62406
2016-06-10 21:00:00	736125.875	0	0	44131	209567	29439	73760	48146
2016-06-10 22:00:00	736125.916667	0	0	29740	209588	-6402	56894	33480
2016-06-10 23:00:00	736125.958333	0	0	17560	209610	-28230	44576	21586
2016-06-11 00:00:00	736126.0	0	0	16018	209632	-80090	-19957	18249
2016-06-11 01:00:00	736126.041667	0	0	9008	209653	-70481	-25830	12082
2016-06-11 02:00:00	736126.083333	0	0	7843	209675	-45590	-26305	11421
2016-06-11 03:00:00	736126.125	0	0	8229	209696	-7111	-20092	17292
2016-06-11 04:00:00	736126.166667	0	0	14657	209718	42332	-5871	28164
2016-06-11 05:00:00	736126.208333	0	0	38503	209740	99374	26146	47688
2016-06-11 06:00:00	736126.25	0	0	155431	209761	160129	155887	157207
2016-06-11 07:00:00	736126.291667	0	0	265799	209783	220458	292082	267284
2016-06-11 08:00:00	736126.333333	0	0	352683	209804	276250	372624	351535
2016-06-11 09:00:00	736126.375	0	0	396660	209826	323705	421038	401437
2016-06-11 10:00:00	736126.416667	0	0	365315	209848	359591	377071	369143
2016-06-11 11:00:00	736126.458333	0	0	341571	209869	381463	367470	348061
2016-06-11 12:00:00	736126.5	0	0	331934	209891	387833	369839	343172
2016-06-11 13:00:00	736126.541667	0	0	311453	209912	378268	356750	334030
2016-06-11 14:00:00	736126.583333	0	0	309486	209934	353421	370758	329588
2016-06-11 15:00:00	736126.625	0	0	327025	209955	314987	364113	316688
2016-06-11 16:00:00	736126.666667	0	0	293355	209977	265587	316199	272140
2016-06-11 17:00:00	736126.708333	0	0	222533	209999	208589	253285	214279
2016-06-11 18:00:00	736126.75	0	0	95218	210020	147878	102977	101006
2016-06-11 19:00:00	736126.791667	0	0	73569	210042	87594	70287	78036
2016-06-11 20:00:00	736126.833333	0	0	48157	210063	31846	35060	56038
2016-06-11 21:00:00	736126.875	0	0	40488	210085	-15564	16373	41238
2016-06-11 22:00:00	736126.916667	0	0	29241	210107	-51406	-492	30994
2016-06-11 23:00:00	736126.958333	0	0	19261	210128	-73234	-12810	21252
2016-06-12 00:00:00	736127.0	0	1	15870	210150	-82881	-125610	18928
2016-06-12 01:00:00	736127.041667	0	1	8844	210171	-73271	-131484	12424
2016-06-12 02:00:00	736127.083333	0	1	7531	210193	-48380	-131958	11476
2016-06-12 03:00:00	736127.125	0	1	7494	210215	-9902	-125745	15411
2016-06-12 04:00:00	736127.166667	0	1	11441	210236	39541	-111525	24217
2016-06-12 05:00:00	736127.208333	0	1	22910	210258	96584	-79506	34693
2016-06-12 06:00:00	736127.25	0	1	43749	210279	157339	50234	53096
2016-06-12 07:00:00	736127.291667	0	1	76398	210301	217667	186428	90553
2016-06-12 08:00:00	736127.333333	0	1	82354	210323	273459	266971	96507
2016-06-12 09:00:00	736127.375	0	1	92546	210344	320914	315384	100488
2016-06-12 10:00:00	736127.416667	0	1	86384	210366	356800	271418	93073
2016-06-12 11:00:00	736127.458333	0	1	82541	210387	378673	261817	81645
2016-06-12 12:00:00	736127.5	0	1	81247	210409	385042	264186	82181
2016-06-12 13:00:00	736127.541667	0	1	85410	210430	375477	251097	86355
2016-06-12 14:00:00	736127.583333	0	1	90291	210452	350630	265105	88312
2016-06-12 15:00:00	736127.625	0	1	100895	210474	312196	258460	98509
2016-06-12 16:00:00	736127.666667	0	1	109274	210495	262796	210545	104152
2016-06-12 17:00:00	736127.708333	0	1	96665	210517	205798	147632	97920
2016-06-12 18:00:00	736127.75	0	1	93082	210538	145087	-2675	87483
2016-06-12 19:00:00	736127.791667	0	1	80673	210560	84803	-35365	83123
2016-06-12 20:00:00	736127.833333	0	1	58926	210582	29055	-70593	62308
2016-06-12 21:00:00	736127.875	0	1	44026	210603	-18355	-89279	47942
2016-06-12 22:00:00	736127.916667	0	1	28686	210625	-54197	-106145	33663
2016-06-12 23:00:00	736127.958333	0	1	16141	210646	-76025	-118464	21555
2016-06-13 00:00:00	736128.0	0	0	13870	210668	-40957	70904	19512
2016-06-13 01:00:00	736128.041667	0	0	8440	210690	-31348	65030	14217
2016-06-13 02:00:00	736128.083333	0	0	7734	210711	-6457	64556	13326
2016-06-13 03:00:00	736128.125	0	0	8768	210733	32020	70769	21794
2016-06-13 04:00:00	736128.166667	0	0	19024	210754	81465	84990	37585
2016-06-13 05:00:00	736128.208333	0	0	56846	210776	138507	117008	73866
2016-06-13 06:00:00	736128.25	0	0	232594	210798	199262	246749	232067
2016-06-13 07:00:00	736128.291667	0	0	425000	210819	259591	382944	410902
2016-06-13 08:00:00	736128.333333	0	0	532275	210841	315383	463486	528267
2016-06-13 09:00:00	736128.375	0	0	629109	210862	362838	511900	593936
2016-06-13 10:00:00	736128.416667	0	0	535175	210884	398724	467933	529886
2016-06-13 11:00:00	736128.458333	0	0	508773	210905	420596	458332	512353
2016-06-13 12:00:00	736128.5	0	0	573594	210927	426966	460701	517067
2016-06-13 13:00:00	736128.541667	0	0	557261	210949	417401	447612	507192
2016-06-13 14:00:00	736128.583333	0	0	571239	210970	392554	461620	516680
2016-06-13 15:00:00	736128.625	0	0	545944	210992	354120	454975	512899
2016-06-13 16:00:00	736128.666667	0	0	471710	211013	304720	407061	437312
2016-06-13 17:00:00	736128.708333	0	0	368537	211035	247721	344147	363967
2016-06-13 18:00:00	736128.75	0	0	167565	211057	187011	193839	178654
2016-06-13 19:00:00	736128.791667	0	0	116865	211078	126726	161149	127335
2016-06-13 20:00:00	736128.833333	0	0	73648	211100	70978	125922	81948
2016-06-13 21:00:00	736128.875	0	0	49537	211121	23567	107235	59952
2016-06-13 22:00:00	736128.916667	0	0	28781	211143	-12273	90369	38243
2016-06-13 23:00:00	736128.958333	0	0	16472	211165	-34102	78050	25465
2016-06-14 00:00:00	736129.0	0	0	14478	211186	14509	45777	21234
2016-06-14 01:00:00	736129.041667	0	0	9138	211208	24119	39903	14017
2016-06-14 02:00:00	736129.083333	0	0	8551	211229	49010	39429	13174
2016-06-14 03:00:00	736129.125	0	0	10899	211251	87488	45641	20240
2016-06-14 04:00:00	736129.166667	0	0	24964	211272	136932	59862	36528
2016-06-14 05:00:00	736129.208333	0	0	66956	211294	193975	91880	72751
2016-06-14 06:00:00	736129.25	0	0	228825	211316	254730	221621	224326
2016-06-14 07:00:00	736129.291667	0	0	374168	211337	315058	357816	378577
2016-06-14 08:00:00	736129.333333	0	0	477170	211359	370850	438358	466547
2016-06-14 09:00:00	736129.375	0	0	544107	211380	418306	486772	530411
2016-06-14 10:00:00	736129.416667	0	0	488804	211402	454191	442805	484870
2016-06-14 11:00:00	736129.458333	0	0	484935	211424	476064	433205	465950
2016-06-14 12:00:00	736129.5	0	0	513244	211445	482434	435574	460561
2016-06-14 13:00:00	736129.541667	0	0	507768	211467	472868	422484	441291
2016-06-14 14:00:00	736129.583333	0	0	532573	211488	448021	436493	461646
2016-06-14 15:00:00	736129.625	0	0	498550	211510	409588	429848	453470
2016-06-14 16:00:00	736129.666667	0	0	417843	211532	360187	381933	401859
2016-06-14 17:00:00	736129.708333	0	0	340585	211553	303189	319019	330674
2016-06-14 18:00:00	736129.75	0	0	155399	211575	242478	168712	145158
2016-06-14 19:00:00	736129.791667	0	0	111927	211596	182194	136021	119596
2016-06-14 20:00:00	736129.833333	0	0	67207	211618	126446	100794	78235
2016-06-14 21:00:00	736129.875	0	0	49798	211640	79035	82107	56021
2016-06-14 22:00:00	736129.916667	0	0	27793	211661	43193	65241	35709
2016-06-14 23:00:00	736129.958333	0	0	16434	211683	21365	52923	23629
2016-06-15 00:00:00	736130.0	0	0	14933	211704	42152	59580	21509
2016-06-15 01:00:00	736130.041667	0	0	8885	211726	51761	53707	16230
2016-06-15 02:00:00	736130.083333	0	0	8942	211747	76652	53232	16122
2016-06-15 03:00:00	736130.125	0	0	10168	211769	115131	59445	22679
2016-06-15 04:00:00	736130.166667	0	0	21149	211791	164575	73666	37593
2016-06-15 05:00:00	736130.208333	0	0	58880	211812	221617	105684	76571
2016-06-15 06:00:00	736130.25	0	0	227699	211834	282372	235425	233310
2016-06-15 07:00:00	736130.291667	0	0	397064	211855	342701	371620	386851
2016-06-15 08:00:00	736130.333333	0	0	490372	211877	398493	452162	483086
2016-06-15 09:00:00	736130.375	0	0	544670	211899	445948	500576	540527
2016-06-15 10:00:00	736130.416667	0	0	497773	211920	481834	456609	485703
2016-06-15 11:00:00	736130.458333	0	0	507916	211942	503706	447008	496505
2016-06-15 12:00:00	736130.5	0	0	515272	211963	510076	449377	494468
2016-06-15 13:00:00	736130.541667	0	0	473101	211985	500511	436288	478449
2016-06-15 14:00:00	736130.583333	0	0	511228	212007	475664	450296	504306
2016-06-15 15:00:00	736130.625	0	0	472811	212028	437230	443651	497402
2016-06-15 16:00:00	736130.666667	0	0	433257	212050	387830	395737	446693
2016-06-15 17:00:00	736130.708333	0	0	357186	212071	330832	332823	365168
2016-06-15 18:00:00	736130.75	0	0	155625	212093	270121	182515	166532
2016-06-15 19:00:00	736130.791667	0	0	106438	212115	209837	149825	122560
2016-06-15 20:00:00	736130.833333	0	0	63516	212136	154089	114598	79222
2016-06-15 21:00:00	736130.875	0	0	51016	212158	106677	95911	56838
2016-06-15 22:00:00	736130.916667	0	0	29398	212179	70836	79045	36767
2016-06-15 23:00:00	736130.958333	0	0	16626	212201	49008	66727	23271
2016-06-16 00:00:00	736131.0	0	0	14204	212222	21553	54221	21532
2016-06-16 01:00:00	736131.041667	0	0	8740	212244	31162	48347	16408
2016-06-16 02:00:00	736131.083333	0	0	9153	212266	56053	47873	16642
2016-06-16 03:00:00	736131.125	0	0	10738	212287	94532	54086	22011
2016-06-16 04:00:00	736131.166667	0	0	23059	212309	143976	68307	37603
2016-06-16 05:00:00	736131.208333	0	0	63757	212330	201018	100325	76858
2016-06-16 06:00:00	736131.25	0	0	223945	212352	261773	230066	232667
2016-06-16 07:00:00	736131.291667	0	0	384073	212374	322102	366261	394065
2016-06-16 08:00:00	736131.333333	0	0	478159	212395	377894	446803	481786
2016-06-16 09:00:00	736131.375	0	0	538954	212417	425349	495217	535688
2016-06-16 10:00:00	736131.416667	0	0	494061	212438	461235	451250	486956
2016-06-16 11:00:00	736131.458333	0	0	498621	212460	483107	441649	478957
2016-06-16 12:00:00	736131.5	0	0	501569	212482	489477	444018	471276
2016-06-16 13:00:00	736131.541667	0	0	472358	212503	479912	430929	456164
2016-06-16 14:00:00	736131.583333	0	0	503987	212525	455065	444937	484008
2016-06-16 15:00:00	736131.625	0	0	480765	212546	416631	438292	477485
2016-06-16 16:00:00	736131.666667	0	0	418601	212568	367231	390378	428565
2016-06-16 17:00:00	736131.708333	0	0	344474	212589	310233	327464	348678
2016-06-16 18:00:00	736131.75	0	0	151440	212611	249522	177156	161049
2016-06-16 19:00:00	736131.791667	0	0	113092	212633	189238	144466	120971
2016-06-16 20:00:00	736131.833333	0	0	71424	212654	133490	109239	80047
2016-06-16 21:00:00	736131.875	0	0	51478	212676	86079	90552	59115
2016-06-16 22:00:00	736131.916667	0	0	31670	212697	50237	73686	42655
2016-06-16 23:00:00	736131.958333	0	0	18576	212719	28409	61367	28561
2016-06-17 00:00:00	736132.0	0	0	15915	212741	-31376	41352	21594
2016-06-17 01:00:00	736132.041667	0	0	9192	212762	-21767	35479	16171
2016-06-17 02:00:00	736132.083333	0	0	8727	212784	3123	35004	16181
2016-06-17 03:00:00	736132.125	0	0	10894	212805	41602	41217	21959
2016-06-17 04:00:00	736132.166667	0	0	22333	212827	91046	55438	38720
2016-06-17 05:00:00	736132.208333	0	0	64297	212849	148088	87456	80905
2016-06-17 06:00:00	736132.25	0	0	220805	212870	208843	217197	231658
2016-06-17 07:00:00	736132.291667	0	0	403951	212892	269172	353392	380793
2016-06-17 08:00:00	736132.333333	0	0	453569	212913	324964	433934	458772
2016-06-17 09:00:00	736132.375	0	0	508407	212935	372419	482348	498236
2016-06-17 10:00:00	736132.416667	0	0	468978	212957	408305	438381	446420
2016-06-17 11:00:00	736132.458333	0	0	471559	212978	430177	428780	447840
2016-06-17 12:00:00	736132.5	0	0	490401	213000	436547	431149	479940
2016-06-17 13:00:00	736132.541667	0	0	425149	213021	426982	418060	453981
2016-06-17 14:00:00	736132.583333	0	0	414366	213043	402135	432068	470722
2016-06-17 15:00:00	736132.625	0	0	464203	213064	363701	425423	452102
2016-06-17 16:00:00	736132.666667	0	0	386891	213086	314301	377509	386914
2016-06-17 17:00:00	736132.708333	0	0	316188	213108	257303	314595	319226
2016-06-17 18:00:00	736132.75	0	0	157957	213129	196592	164287	145365
2016-06-17 19:00:00	736132.791667	0	0	104397	213151	136308	131597	100179
2016-06-17 20:00:00	736132.833333	0	0	70653	213172	80560	96370	66805
2016-06-17 21:00:00	736132.875	0	0	54163	213194	33149	77683	52545
2016-06-17 22:00:00	736132.916667	0	0	35337	213216	-2692	60817	37879
2016-06-17 23:00:00	736132.958333	0	0	21709	213237	-24520	48499	25985
2016-06-18 00:00:00	736133.0	0	0	15921	213259	-76381	-16034	22648
2016-06-18 01:00:00	736133.041667	0	0	10286	213280	-66771	-21908	16481
2016-06-18 02:00:00	736133.083333	0	0	9686	213302	-41880	-22382	15820
2016-06-18 03:00:00	736133.125	0	0	9176	213324	-3402	-16169	21691
2016-06-18 04:00:00	736133.166667	0	0	16032	213345	46041	-1949	32563
2016-06-18 05:00:00	736133.208333	0	0	39799	213367	103084	30069	52087
2016-06-18 06:00:00	736133.25	0	0	161397	213388	163839	159810	161606
2016-06-18 07:00:00	736133.291667	0	0	279834	213410	224167	296004	271683
2016-06-18 08:00:00	736133.333333	0	0	362163	213432	279959	376547	355934
2016-06-18 09:00:00	736133.375	0	0	432049	213453	327415	424960	405836
2016-06-18 10:00:00	736133.416667	0	0	396690	213475	363300	380994	373542
2016-06-18 11:00:00	736133.458333	0	0	386299	213496	385173	371393	352460
2016-06-18 12:00:00	736133.5	0	0	391274	213518	391543	373762	347571
2016-06-18 13:00:00	736133.541667	0	0	384022	213539	381977	360673	338429
2016-06-18 14:00:00	736133.583333	0	0	379714	213561	357130	374681	333987
2016-06-18 15:00:00	736133.625	0	0	359836	213583	318697	368036	321087
2016-06-18 16:00:00	736133.666667	0	0	290573	213604	269296	320121	276539
2016-06-18 17:00:00	736133.708333	0	0	228299	213626	212298	257208	218678
2016-06-18 18:00:00	736133.75	0	0	102661	213647	151587	106900	105405
2016-06-18 19:00:00	736133.791667	0	0	78931	213669	91303	74210	82435
2016-06-18 20:00:00	736133.833333	0	0	50192	213691	35555	38982	60437
2016-06-18 21:00:00	736133.875	0	0	45382	213712	-11855	20296	45637
2016-06-18 22:00:00	736133.916667	0	0	32047	213734	-47697	3430	35393
2016-06-18 23:00:00	736133.958333	0	0	20633	213755	-69525	-8888	25651
2016-06-19 00:00:00	736134.0	0	1	18319	213777	-79171	-121687	23327
2016-06-19 01:00:00	736134.041667	0	1	10904	213799	-69562	-127561	16823
2016-06-19 02:00:00	736134.083333	0	1	9409	213820	-44671	-128035	15875
2016-06-19 03:00:00	736134.125	0	1	7871	213842	-6193	-121823	19810
2016-06-19 04:00:00	736134.166667	0	1	12597	213863	43251	-107602	28616
2016-06-19 05:00:00	736134.208333	0	1	25398	213885	100293	-75584	39092
2016-06-19 06:00:00	736134.25	0	1	46208	213907	161048	54156	57495
2016-06-19 07:00:00	736134.291667	0	1	109422	213928	221376	190351	94952
2016-06-19 08:00:00	736134.333333	0	1	101780	213950	277169	270894	100906
2016-06-19 09:00:00	736134.375	0	1	95922	213971	324624	319307	104887
2016-06-19 10:00:00	736134.416667	0	1	89968	213993	360510	275340	97472
2016-06-19 11:00:00	736134.458333	0	1	90576	214014	382382	265740	86044
2016-06-19 12:00:00	736134.5	0	1	87935	214036	388752	268109	86580
2016-06-19 13:00:00	736134.541667	0	1	93505	214058	379187	255019	90754
2016-06-19 14:00:00	736134.583333	0	1	94739	214079	354340	269028	92711
2016-06-19 15:00:00	736134.625	0	1	105987	214101	315906	262383	102908
2016-06-19 16:00:00	736134.666667	0	1	113765	214122	266506	214468	108551
2016-06-19 17:00:00	736134.708333	0	1	103549	214144	209507	151555	102319
2016-06-19 18:00:00	736134.75	0	1	103393	214166	148796	1247	91882
2016-06-19 19:00:00	736134.791667	0	1	88843	214187	88512	-31443	87522
2016-06-19 20:00:00	736134.833333	0	1	65035	214209	32764	-66670	66707
2016-06-19 21:00:00	736134.875	0	1	53551	214230	-14646	-85357	52341
2016-06-19 22:00:00	736134.916667	0	1	35706	214252	-50488	-102223	38062
2016-06-19 23:00:00	736134.958333	0	1	19553	214274	-72316	-114541	25954
2016-06-20 00:00:00	736135.0	0	0	16951	214295	-37248	74827	23911
2016-06-20 01:00:00	736135.041667	0	0	10422	214317	-27638	68953	18616
2016-06-20 02:00:00	736135.083333	0	0	8912	214338	-2747	68479	17725
2016-06-20 03:00:00	736135.125	0	0	10540	214360	35730	74692	26193
2016-06-20 04:00:00	736135.166667	0	0	23139	214381	85174	88912	41984
2016-06-20 05:00:00	736135.208333	0	0	71430	214403	142217	120931	78265
2016-06-20 06:00:00	736135.25	0	0	254946	214425	202972	250671	236466
2016-06-20 07:00:00	736135.291667	0	0	458438	214446	263300	386866	415301
2016-06-20 08:00:00	736135.333333	0	0	560894	214468	319092	467409	532666
2016-06-20 09:00:00	736135.375	0	0	659972	214489	366547	515822	598335
2016-06-20 10:00:00	736135.416667	0	0	586957	214511	402433	471855	534285
2016-06-20 11:00:00	736135.458333	0	0	579461	214533	424306	462255	516752
2016-06-20 12:00:00	736135.5	0	0	617355	214554	430675	464624	521466
2016-06-20 13:00:00	736135.541667	0	0	588883	214576	421110	451534	511591
2016-06-20 14:00:00	736135.583333	0	0	590737	214597	396263	465543	521079
2016-06-20 15:00:00	736135.625	0	0	579298	214619	357829	458898	517298
2016-06-20 16:00:00	736135.666667	0	0	490113	214641	308429	410983	441711
2016-06-20 17:00:00	736135.708333	0	0	405715	214662	251431	348070	368366
2016-06-20 18:00:00	736135.75	0	0	189525	214684	190720	197762	183053
2016-06-20 19:00:00	736135.791667	0	0	133980	214705	130436	165072	131734
2016-06-20 20:00:00	736135.833333	0	0	84019	214727	74688	129844	86347
2016-06-20 21:00:00	736135.875	0	0	56501	214749	27277	111158	64351
2016-06-20 22:00:00	736135.916667	0	0	33600	214770	-8564	94291	42642
2016-06-20 23:00:00	736135.958333	0	0	20735	214792	-30392	81973	29864
2016-06-21 00:00:00	736136.0	0	0	16998	214813	18219	49700	25633
2016-06-21 01:00:00	736136.041667	0	0	10133	214835	27828	43826	18416
2016-06-21 02:00:00	736136.083333	0	0	9708	214856	52719	43352	17573
2016-06-21 03:00:00	736136.125	0	0	11227	214878	91197	49564	24639
2016-06-21 04:00:00	736136.166667	0	0	23264	214900	140642	63785	40927
2016-06-21 05:00:00	736136.208333	0	0	69991	214921	197684	95803	77150
2016-06-21 06:00:00	736136.25	0	0	239105	214943	258439	225544	228725
2016-06-21 07:00:00	736136.291667	0	0	428035	214964	318768	361739	382976
2016-06-21 08:00:00	736136.333333	0	0	545040	214986	374560	442281	470946
2016-06-21 09:00:00	736136.375	0	0	644960	215008	422015	490695	534810
2016-06-21 10:00:00	736136.416667	0	0	578410	215029	457901	446728	489269
2016-06-21 11:00:00	736136.458333	0	0	570897	215051	479773	437128	470349
2016-06-21 12:00:00	736136.5	0	0	570155	215072	486143	439496	464960
2016-06-21 13:00:00	736136.541667	0	0	547882	215094	476578	426407	445690
2016-06-21 14:00:00	736136.583333	0	0	570459	215116	451731	440415	466045
2016-06-21 15:00:00	736136.625	0	0	568824	215137	413297	433770	457869
2016-06-21 16:00:00	736136.666667	0	0	505665	215159	363897	385856	406258
2016-06-21 17:00:00	736136.708333	0	0	391138	215180	306898	322942	335073
2016-06-21 18:00:00	736136.75	0	0	159119	215202	246188	172634	149557
2016-06-21 19:00:00	736136.791667	0	0	112013	215224	185903	139944	123995
2016-06-21 20:00:00	736136.833333	0	0	71534	215245	130155	104717	82634
2016-06-21 21:00:00	736136.875	0	0	55767	215267	82744	86030	60420
2016-06-21 22:00:00	736136.916667	0	0	34138	215288	46903	69164	40108
2016-06-21 23:00:00	736136.958333	0	0	20615	215310	25074	56846	28028
2016-06-22 00:00:00	736137.0	0	0	16674	215331	45861	63503	25908
2016-06-22 01:00:00	736137.041667	0	0	10446	215353	55471	57629	20629
2016-06-22 02:00:00	736137.083333	0	0	9490	215375	80362	57155	20521
2016-06-22 03:00:00	736137.125	0	0	10836	215396	118840	63368	27078
2016-06-22 04:00:00	736137.166667	0	0	21649	215418	168284	77588	41992
2016-06-22 05:00:00	736137.208333	0	0	61795	215439	225327	109607	80970
2016-06-22 06:00:00	736137.25	0	0	218626	215461	286082	239348	237709
2016-06-22 07:00:00	736137.291667	0	0	401176	215483	346410	375542	391250
2016-06-22 08:00:00	736137.333333	0	0	536126	215504	402202	456085	487485
2016-06-22 09:00:00	736137.375	0	0	605536	215526	449658	504498	544926
2016-06-22 10:00:00	736137.416667	0	0	533583	215547	485543	460532	490102
2016-06-22 11:00:00	736137.458333	0	0	538773	215569	507416	450931	500904
2016-06-22 12:00:00	736137.5	0	0	584322	215591	513786	453300	498867
2016-06-22 13:00:00	736137.541667	0	0	592832	215612	504220	440210	482848
2016-06-22 14:00:00	736137.583333	0	0	584090	215634	479373	454219	508705
2016-06-22 15:00:00	736137.625	0	0	581564	215655	440940	447574	501801
2016-06-22 16:00:00	736137.666667	0	0	525339	215677	391539	399659	451092
2016-06-22 17:00:00	736137.708333	0	0	404840	215699	334541	336746	369567
2016-06-22 18:00:00	736137.75	0	0	170601	215720	273830	186438	170931
2016-06-22 19:00:00	736137.791667	0	0	119953	215742	213546	153748	126959
2016-06-22 20:00:00	736137.833333	0	0	78792	215763	157798	118520	83621
2016-06-22 21:00:00	736137.875	0	0	59263	215785	110387	99834	61237
2016-06-22 22:00:00	736137.916667	0	0	36032	215806	74545	82967	41166
2016-06-22 23:00:00	736137.958333	0	0	20613	215828	52717	70649	27670
2016-06-23 00:00:00	736138.0	0	0	17131	215850	25262	58144	25931
2016-06-23 01:00:00	736138.041667	0	0	11633	215871	34872	52270	20807
2016-06-23 02:00:00	736138.083333	0	0	10737	215893	59763	51796	21041
2016-06-23 03:00:00	736138.125	0	0	13791	215914	98241	58009	26410
2016-06-23 04:00:00	736138.166667	0	0	25464	215936	147685	72229	42002
2016-06-23 05:00:00	736138.208333	0	0	71998	215958	204728	104248	81257
2016-06-23 06:00:00	736138.25	0	0	235789	215979	265483	233988	237066
2016-06-23 07:00:00	736138.291667	0	0	394896	216001	325811	370183	398464
2016-06-23 08:00:00	736138.333333	0	0	546345	216022	381603	450726	486185
2016-06-23 09:00:00	736138.375	0	0	628647	216044	429059	499139	540087
2016-06-23 10:00:00	736138.416667	0	0	566477	216066	464944	455172	491355
2016-06-23 11:00:00	736138.458333	0	0	542454	216087	486817	445572	483356
2016-06-23 12:00:00	736138.5	0	0	552402	216109	493187	447941	475675
2016-06-23 13:00:00	736138.541667	0	0	542827	216130	483621	434851	460563
2016-06-23 14:00:00	736138.583333	0	0	571920	216152	458774	448860	488407
2016-06-23 15:00:00	736138.625	0	0	553400	216173	420341	442215	481884
2016-06-23 16:00:00	736138.666667	0	0	512316	216195	370940	394300	432964
2016-06-23 17:00:00	736138.708333	0	0	385433	216217	313942	331387	353077
2016-06-23 18:00:00	736138.75	0	0	172451	216238	253231	181079	165448
2016-06-23 19:00:00	736138.791667	0	0	112351	216260	192947	148389	125370
2016-06-23 20:00:00	736138.833333	0	0	72909	216281	137199	113161	84446
2016-06-23 21:00:00	736138.875	0	0	53430	216303	89788	94475	63514
2016-06-23 22:00:00	736138.916667	0	0	34743	216325	53946	77608	47054
2016-06-23 23:00:00	736138.958333	0	0	19833	216346	32118	65290	32960
2016-06-24 00:00:00	736139.0	0	0	16658	216368	-27667	45275	25993
2016-06-24 01:00:00	736139.041667	0	0	10152	216389	-18057	39401	20570
2016-06-24 02:00:00	736139.083333	0	0	10336	216411	6833	38927	20580
2016-06-24 03:00:00	736139.125	0	0	11213	216433	45311	45140	26358
2016-06-24 04:00:00	736139.166667	0	0	22694	216454	94755	59360	43119
2016-06-24 05:00:00	736139.208333	0	0	68144	216476	151798	91379	85304
2016-06-24 06:00:00	736139.25	0	0	241274	216497	212553	221120	236057
2016-06-24 07:00:00	736139.291667	0	0	420394	216519	272881	357314	385192
2016-06-24 08:00:00	736139.333333	0	0	563250	216541	328673	437857	463171
2016-06-24 09:00:00	736139.375	0	0	628778	216562	376129	486270	502635
2016-06-24 10:00:00	736139.416667	0	0	557676	216584	412014	442304	450819
2016-06-24 11:00:00	736139.458333	0	0	528293	216605	433887	432703	452239
2016-06-24 12:00:00	736139.5	0	0	582380	216627	440257	435072	484339
2016-06-24 13:00:00	736139.541667	0	0	534096	216648	430691	421982	458380
2016-06-24 14:00:00	736139.583333	0	0	562343	216670	405845	435991	475121
2016-06-24 15:00:00	736139.625	0	0	523058	216692	367411	429346	456501
2016-06-24 16:00:00	736139.666667	0	0	432725	216713	318010	381431	391313
2016-06-24 17:00:00	736139.708333	0	0	343668	216735	261012	318518	323625
2016-06-24 18:00:00	736139.75	0	0	135550	216756	200301	168210	149764
2016-06-24 19:00:00	736139.791667	0	0	89698	216778	140017	135520	104578
2016-06-24 20:00:00	736139.833333	0	0	61582	216800	84269	100292	71204
2016-06-24 21:00:00	736139.875	0	0	47018	216821	36858	81606	56944
2016-06-24 22:00:00	736139.916667	0	0	31710	216843	1016	64739	42278
2016-06-24 23:00:00	736139.958333	0	0	19836	216864	-20811	52421	30384
2016-06-25 00:00:00	736140.0	0	0	16542	216886	-72671	-12111	27047
2016-06-25 01:00:00	736140.041667	0	0	10047	216908	-63062	-17985	20880
2016-06-25 02:00:00	736140.083333	0	0	8302	216929	-38171	-18459	20219
2016-06-25 03:00:00	736140.125	0	0	7476	216951	306	-12247	26090
2016-06-25 04:00:00	736140.166667	0	0	12062	216972	49751	1973	36962
2016-06-25 05:00:00	736140.208333	0	0	28754	216994	106793	33991	56486
2016-06-25 06:00:00	736140.25	0	0	115558	217016	167548	163732	166005
2016-06-25 07:00:00	736140.291667	0	0	217877	217037	227877	299927	276082
2016-06-25 08:00:00	736140.333333	0	0	321789	217059	283669	380470	360333
2016-06-25 09:00:00	736140.375	0	0	372332	217080	331124	428883	410235
2016-06-25 10:00:00	736140.416667	0	0	331962	217102	367010	384916	377941
2016-06-25 11:00:00	736140.458333	0	0	316228	217123	388882	375316	356859
2016-06-25 12:00:00	736140.5	0	0	337011	217145	395252	377685	351970
2016-06-25 13:00:00	736140.541667	0	0	351538	217167	385687	364595	342828
2016-06-25 14:00:00	736140.583333	0	0	345649	217188	360840	378604	338386
2016-06-25 15:00:00	736140.625	0	0	305531	217210	322406	371959	325486
2016-06-25 16:00:00	736140.666667	0	0	260964	217231	273006	324044	280938
2016-06-25 17:00:00	736140.708333	0	0	185202	217253	216007	261131	223077
2016-06-25 18:00:00	736140.75	0	0	79760	217275	155297	110823	109804
2016-06-25 19:00:00	736140.791667	0	0	60225	217296	95012	78132	86834
2016-06-25 20:00:00	736140.833333	0	0	49356	217318	39264	42905	64836
2016-06-25 21:00:00	736140.875	0	0	30012	217339	-8146	24218	50036
2016-06-25 22:00:00	736140.916667	0	0	28448	217361	-43987	7352	39792
2016-06-25 23:00:00	736140.958333	0	0	18646	217383	-65816	-4965	30050
2016-06-26 00:00:00	736141.0	0	1	18038	217404	-75462	-117764	27726
2016-06-26 01:00:00	736141.041667	0	1	10837	217426	-65853	-123638	21222
2016-06-26 02:00:00	736141.083333	0	1	9692	217447	-40961	-124112	20274
2016-06-26 03:00:00	736141.125	0	1	8423	217469	-2483	-117900	24209
2016-06-26 04:00:00	736141.166667	0	1	11371	217490	46960	-103679	33015
2016-06-26 05:00:00	736141.208333	0	1	22185	217512	104003	-71661	43491
2016-06-26 06:00:00	736141.25	0	1	44430	217534	164757	58079	61894
2016-06-26 07:00:00	736141.291667	0	1	73584	217555	225086	194274	99351
2016-06-26 08:00:00	736141.333333	0	1	86508	217577	280878	274816	105305
2016-06-26 09:00:00	736141.375	0	1	87018	217598	328333	323230	109286
2016-06-26 10:00:00	736141.416667	0	1	82895	217620	364219	279263	101871
2016-06-26 11:00:00	736141.458333	0	1	74971	217642	386091	269663	90443
2016-06-26 12:00:00	736141.5	0	1	75205	217663	392461	272031	90979
2016-06-26 13:00:00	736141.541667	0	1	71070	217685	382896	258942	95153
2016-06-26 14:00:00	736141.583333	0	1	67103	217706	358049	272951	97110
2016-06-26 15:00:00	736141.625	0	1	82845	217728	319615	266305	107307
2016-06-26 16:00:00	736141.666667	0	1	84464	217750	270215	218391	112950
2016-06-26 17:00:00	736141.708333	0	1	79936	217771	213217	155477	106718
2016-06-26 18:00:00	736141.75	0	1	77820	217793	152506	5169	96281
2016-06-26 19:00:00	736141.791667	0	1	69802	217814	92222	-27520	91921
2016-06-26 20:00:00	736141.833333	0	1	53259	217836	36474	-62747	71106
2016-06-26 21:00:00	736141.875	0	1	39754	217858	-10936	-81434	56740
2016-06-26 22:00:00	736141.916667	0	1	27083	217879	-46778	-98300	42461
2016-06-26 23:00:00	736141.958333	0	1	16591	217901	-68606	-110618	30353
2016-06-27 00:00:00	736142.0	0	0	17249	217922	-33538	78750	28310
2016-06-27 01:00:00	736142.041667	0	0	11267	217944	-23929	72876	23015
2016-06-27 02:00:00	736142.083333	0	0	7508	217965	961	72402	22124
2016-06-27 03:00:00	736142.125	0	0	10543	217987	39439	78614	30592
2016-06-27 04:00:00	736142.166667	0	0	23093	218009	88884	92835	46383
2016-06-27 05:00:00	736142.208333	0	0	66615	218030	145926	124853	82664
2016-06-27 06:00:00	736142.25	0	0	254025	218052	206681	254594	240865
2016-06-27 07:00:00	736142.291667	0	0	472534	218073	267009	390789	419700
2016-06-27 08:00:00	736142.333333	0	0	754079	218095	322802	471331	537065
2016-06-27 09:00:00	736142.375	0	0	848144	218117	370257	519745	602734
2016-06-27 10:00:00	736142.416667	0	0	811485	218138	406143	475778	538684
2016-06-27 11:00:00	736142.458333	0	0	715857	218160	428015	466178	521151
2016-06-27 12:00:00	736142.5	0	0	735216	218181	434385	468546	525865
2016-06-27 13:00:00	736142.541667	0	0	704750	218203	424820	455457	515990
2016-06-27 14:00:00	736142.583333	0	0	716936	218225	399973	469466	525478
2016-06-27 15:00:00	736142.625	0	0	654873	218246	361539	462820	521697
2016-06-27 16:00:00	736142.666667	0	0	540232	218268	312139	414906	446110
2016-06-27 17:00:00	736142.708333	0	0	452860	218289	255140	351992	372765
2016-06-27 18:00:00	736142.75	0	0	228861	218311	194429	201684	187452
2016-06-27 19:00:00	736142.791667	0	0	169201	218333	134145	168994	136133
2016-06-27 20:00:00	736142.833333	0	0	114411	218354	78397	133767	90746
2016-06-27 21:00:00	736142.875	0	0	99101	218376	30986	115080	68750
2016-06-27 22:00:00	736142.916667	0	0	66885	218397	-4855	98214	47041
2016-06-27 23:00:00	736142.958333	0	0	46906	218419	-26683	85896	34263
2016-06-28 00:00:00	736143.0	0	0	29692	218440	21928	53622	30032
2016-06-28 01:00:00	736143.041667	0	0	10345	218462	31538	47748	22815
2016-06-28 02:00:00	736143.083333	0	0	4939	218484	56429	47274	21972
2016-06-28 03:00:00	736143.125	0	0	4770	218505	94907	53487	29038
2016-06-28 04:00:00	736143.166667	0	0	9805	218527	144351	67708	45326
2016-06-28 05:00:00	736143.208333	0	0	26404	218548	201394	99726	81549
2016-06-28 06:00:00	736143.25	0	0	97864	218570	262149	229467	233124
2016-06-28 07:00:00	736143.291667	0	0	164097	218592	322477	365662	387375
2016-06-28 08:00:00	736143.333333	0	0	221994	218613	378269	446204	475345
2016-06-28 09:00:00	736143.375	0	0	256584	218635	425724	494618	539209
2016-06-28 10:00:00	736143.416667	0	0	235925	218656	461610	450651	493668
2016-06-28 11:00:00	736143.458333	0	0	203018	218678	483483	441050	474748
2016-06-28 12:00:00	736143.5	0	0	191574	218700	489853	443419	469359
2016-06-28 13:00:00	736143.541667	0	0	139330	218721	480287	430330	450089
2016-06-28 14:00:00	736143.583333	0	0	90907	218743	455440	444338	470444
2016-06-28 15:00:00	736143.625	0	0	44307	218764	417006	437693	462268
2016-06-28 16:00:00	736143.666667	0	0	35892	218786	367606	389779	410657
2016-06-28 17:00:00	736143.708333	0	0	27639	218808	310608	326865	339472
2016-06-28 18:00:00	736143.75	0	0	7676	218829	249897	176557	153956
